155560
155722
155727
117260
124438
88562
124395
176961
115187
115199
178295
171850
117642
178397
178410
178476
178497
178575
142931
178663
135867
178683
131345
178703
178711
114929
114955
115041
166182
108614
108615
108616
108617
108618
114516
165094
181239
181264
162456
176096
111952
112036
124452
182165
136643
115031
115035
182477
115276
114853
137687
137657
135894
122565
124416
134552
134453
183290
183328
153011
152860
183453
183470
183511
183881
129971
132477
131738
131726
131573
131514
131337
129959
129769
129372
126635
126631
126628
126626
126535
126072
125116
124465
124464
124463
124462
124461
124460
124459
124458
124457
124456
124455
124454
124453
124451
124450
124449
124448
124447
124446
124445
124443
124442
124441
124439
124437
124436
124435
124434
124433
124432
124430
124429
124428
124427
124426
124425
124424
124422
124421
124420
124419
124418
124417
124415
124414
124413
124412
124411
124410
124409
124408
124407
124406
124404
124403
124402
124401
124400
124399
124398
124397
124396
124394
124393
124392
124391
124390
124389
124388
124387
124386
124385
124384
124383
124381
124380
124379
124378
124377
124376
124375
124374
124372
124371
124370
124369
124368
124367
124366
124365
124364
124363
124362
124361
124360
124359
124358
124357
124356
124355
124354
124353
124352
124351
124350
124349
124348
124347
124346
124345
124344
124343
124342
124341
124340
124339
124338
124337
124336
124335
124334
124333
124332
124331
124330
124329
124328
124327
124326
124325
124324
124323
124322
124321
124320
124319
124318
124317
124314
124311
124310
124309
124141
94259
184707
184734
167127
167099
167090
167033
166936
166795
166764
166704
166621
175348
166027
175407
165702
165422
165082
165068
165047
165038
165023
164926
164885
163752
153072
177745
185154
142959
185896
166515
186021
186025
166424
166395
166352
162605
162489
162391
162289
160354
160298
160272
160255
160064
159000
158934
158923
158815
158694
158685
178190
178113
177956
177739
176563
186246
151085
186449
186498
186516
142937
175023
121321
186674
174461
174453
174259
187284
187405
187569
173707
173699
97714
119293
95843
109550
152551
151795
151111
190437
190472
190657
190822
175509
173203
154723
154604
154600
120669
191305
191704
148302
148225
148141
142995
142994
142993
142992
142991
142990
142989
142988
142987
142986
142985
142984
142983
142982
142981
142980
142979
142978
142977
142976
142975
142974
142973
142972
142971
142970
142969
142968
142967
142966
142965
142964
142963
142962
142961
142960
142958
142957
142956
142955
142954
142953
142952
142951
142950
142949
142948
142947
142946
142945
142944
142943
142942
142941
142940
142939
142938
142936
142935
142934
142933
142932
142930
142929
142928
142927
142926
142925
142924
142923
142922
142921
142920
142919
142918
142917
142916
142915
142914
142913
142912
142911
142910
142909
142908
142907
142906
142905
142904
142903
142902
142901
134553
131459
126633
194055
83411
80862
62772
60955
72396
194956
195815
196006
89533
197263
197345
200850
202698
124431
124423
124405
124373
203279
213862
215230
219084
225464
225582
226563
226661
231224
232892
232900
232930
233019
233863
233869
233971
239213
240358
241094
241416
242502
244798
244838
244899
245361
245369
245371
245374
245383
245386
245418
245419
245420
245443
245566
245592
245602
245625
245631
245651
245733
245773
245787
245790
245798
245806
245850
245851
245861
245865
245869
245877
245930
245948
245964
245973
245975
245982
245994
246005
246013
246027
246034
246040
246041
246043
246062
246063
246067
246070
246071
246081
246087
246091
246092
246123
246150
246154
246799
246821
246829
246872
247360
248701
248768
248782
248885
249146
249154
249161
249163
249178
249181
249193
249200
249210
249212
249214
249215
249216
249222
249235
249238
249260
249276
249280
249286
249314
249323
249331
249335
249358
249359
249364
249376
249401
249408
249412
249421
249431
249445
249447
249712
249778
251460
252756
254104
254668
254671
254698
254705
254709
254725
254732
254733
254736
254750
254754
254758
254760
254765
254777
254798
254805
254811
254812
254816
254821
254838
254839
254869
254874
254889
254901
254906
254907
254927
254945
254949
254950
254954
254964
254980
254982
255011
255014
255026
255048
255057
255066
255074
255122
255128
255142
255144
255153
255159
255163
255170
255192
255196
255198
255202
255203
255210
255217
255221
255223
255229
255233
255242
255243
255244
255246
255247
255249
255308
255310
255315
255318
255321
255335
255362
255371
255394
255398
255416
255423
255435
255472
255493
255497
255499
255506
255526
255534
255561
255571
255608
255612
255633
255654
255662
255671
255672
255682
255700
255702
255704
255736
255822
255861
255877
255884
255923
255929
255930
256433
256437
256449
256455
256467
256495
258198
258218
258232
258251
258252
258254
258258
258268
258270
258273
258278
258283
258288
258289
258293
258321
258343
258344
258347
258364
258374
258378
258386
258389
258393
258398
258420
258428
258436
258439
258449
258721
258725
258732
258957
258995
259428
259909
259910
259919
259921
259929
259930
259939
259940
259945
259954
259964
259973
259975
259993
260000
260023
260050
260440
260443
260445
260454
260460
260466
260486
260499
260508
260513
260572
260584
260585
260587
260590
260595
260606
260607
260620
260621
260633
260642
260647
260659
260661
260663
260667
260670
260696
260701
260736
260741
260748
260870
260892
260898
260900
260907
260909
260959
260978
260983
260985
261003
265021
265060
266245
268136
268137
268138
268144
268148
268152
268153
268159
268162
268176
268179
268198
268208
268210
268212
268213
268217
268220
268223
268226
268227
268230
268234
268235
268237
268238
268239
268246
268250
268256
268261
268269
268270
268271
268272
268274
268275
268276
268277
268278
268281
268282
268283
268284
268293
268294
268295
268296
268298
268299
268304
268305
268306
268313
268316
268319
268320
268321
268322
268323
268330
268333
268337
268338
268345
268349
268350
268354
268357
268358
268359
268360
268364
268365
268366
268367
268433
268456
268459
268494
268511
269858
269943
269945
269946
269948
269955
269961
269962
269963
269964
269965
269966
269968
269969
269971
269972
269974
269975
269979
269982
269983
269985
269986
269987
269988
269989
269990
269993
269994
269995
270002
270003
270005
270006
270007
270008
270009
270010
270011
270012
270014
270015
270021
270024
270026
270027
270030
270031
270032
270036
270095
270096
270097
270098
270099
270101
270102
270103
270104
270105
270106
270107
270108
270109
270110
270111
270112
270113
270114
270115
284576
284617
284694
284715
284720
284734
284735
284759
284774
284777
284806
284875
284885
284910
284912
284917
284964
285186
