00 27 87 550 4741
00 27 87 550 4737
00 27 87 550 5125
00 27 87 550 4614
00 27 87 550 4795
00 27 87 550 4839
00 27 87 550 5138
00 27 87 550 4853
00 27 87 550 5107
00 27 87 550 4828
00 27 87 550 5015
00 27 87 550 5406
00 27 87 550 5268
00 27 87 550 4420
00 27 87 550 5103
00 27 87 550 4724
00 27 87 550 5371
00 27 87 550 4847
00 27 87 550 5245
00 27 87 550 4799
00 27 87 550 5006
00 27 87 550 4814
00 27 87 550 4776
00 27 87 550 5093
00 27 87 550 5279
00 27 87 550 4543
00 27 87 550 4551
00 27 87 550 4564
00 27 87 550 4768
00 27 87 550 4759
00 27 87 550 4915
00 27 87 550 4696
00 27 87 550 4579
00 27 87 550 4673
00 27 87 550 4701
00 27 87 550 4447
