00 54 11 3776-6653
00 54 11 3882-4949
00 54 11 4300-5989
00 54 11 4719-5757
00 54 11 3371-5019
00 54 11 4683-6628
00 54 11 4367-6368
00 54 11 3524-5340
00 54 11 3407-5119
00 54 11 3406-5058
00 54 11 3867-6056
00 54 11 4079-5714
00 54 11 3481-6415
00 54 11 4484-6164
00 54 11 4010-6670
00 54 11 4370-6341
00 54 11 4801-6213
00 54 11 4290-5099
00 54 11 4392-5516
00 54 11 3993-6681
00 54 11 3741-6128
00 54 11 4033-5633
00 54 11 4611-6366
00 54 11 4158-6197
00 54 11 4734-5622
00 54 11 3310-5073
00 54 11 4263-6525
00 54 11 4462-6503
00 54 11 4153-6312
00 54 11 3330-5034
00 54 11 4557-5455
00 54 11 4501-4908
00 54 11 4818-5504
00 54 11 3690-4979
00 54 11 3478-4773
00 54 11 3872-5181
00 54 11 4716-4813
00 54 11 3988-6523
00 54 11 3847-6094
00 54 11 3785-6784
00 54 11 3442-5856
00 54 11 3819-4818
00 54 11 3650-6725
00 54 11 3837-4868
00 54 11 3818-5940
00 54 11 4393-5790
00 54 11 4095-6127
00 54 11 3624-5360
00 54 11 3828-6680
00 54 11 3695-6745
00 54 11 4780-5916
00 54 11 4355-5566
00 54 11 4683-5383
00 54 11 4546-4989
00 54 11 3688-5553
00 54 11 4016-4947
00 54 11 4366-5820
00 54 11 3320-6449
00 54 11 3642-6655
00 54 11 3816-5119
00 54 11 4087-5298
00 54 11 4448-6276
00 54 11 4239-6529
00 54 11 3351-5543
00 54 11 3443-5432
00 54 11 4304-6086
00 54 11 3462-6789
00 54 11 3831-5682
00 54 11 3642-5684
00 54 11 4098-5340
00 54 11 4134-4743
00 54 11 3240-4995
00 54 11 4282-5515
00 54 11 3425-5655
00 54 11 4239-6317
00 54 11 4400-5100
00 54 11 3348-6542
00 54 11 3496-6493
00 54 11 3374-6661
00 54 11 3684-5457
00 54 11 3661-6070
00 54 11 3906-5158
00 54 11 4361-5238
00 54 11 3911-5528
00 54 11 4818-5716
00 54 11 4254-5422
00 54 11 3572-5818
00 54 11 4681-4774
00 54 11 4803-4941
00 54 11 4135-6748
00 54 11 3828-5708
00 54 11 3977-4811
00 54 11 4827-5361
00 54 11 4760-6440
00 54 11 4727-6524
00 54 11 4620-5101
00 54 11 4485-6438
00 54 11 4112-6115
00 54 11 4252-5573
00 54 11 4596-5105
00 54 11 3988-4854
00 54 11 4513-5983
00 54 11 3762-4906
00 54 11 4046-6496
00 54 11 4603-5325
00 54 11 4419-6669
00 54 11 3438-6581
00 54 11 3770-6433
00 54 11 4450-5913
00 54 11 4263-6799
00 54 11 4564-5949
00 54 11 4035-5544
00 54 11 4737-6081
00 54 11 3641-5834
00 54 11 3510-6782
