00 43 713 884495
00 43 681 883476
00 43 717 887018
00 43 665 886374
00 43 663 883914
00 43 713 884408
00 43 668 886301
00 43 690 886951
00 43 701 887857
00 43 668 885939
00 43 701 885748
00 43 689 883768
00 43 695 887603
00 43 707 886325
00 43 681 883614
00 43 705 889033
00 43 688 888385
00 43 697 883824
00 43 712 885131
00 43 666 887048
00 43 665 888458
00 43 683 883665
00 43 662 888556
00 43 674 883048
00 43 672 886079
00 43 710 884106
00 43 693 885169
00 43 715 889239
00 43 693 886479
00 43 703 883403
00 43 671 887177
00 43 715 882949
00 43 714 887915
00 43 706 886787
00 43 701 885860
00 43 718 883363
00 43 719 888642
00 43 706 885539
00 43 708 886451
00 43 710 888736
00 43 695 886917
00 43 686 884890
00 43 678 887206
00 43 675 883373
00 43 684 887971
00 43 692 883096
00 43 713 886380
00 43 718 886457
00 43 674 883085
00 43 708 885390
00 43 682 889205
00 43 705 889269
00 43 707 884466
00 43 720 883052
00 43 687 886962
00 43 680 883089
00 43 710 883395
00 43 714 888289
00 43 714 884883
00 43 687 887100
00 43 668 885103
00 43 673 885406
00 43 689 888198
00 43 713 885606
00 43 685 887847
00 43 702 886610
00 43 715 888190
00 43 683 883840
00 43 687 882906
00 43 669 883182
00 43 718 883113
00 43 701 887033
00 43 717 882489
00 43 675 887329
00 43 684 885175
00 43 692 886466
00 43 704 884851
00 43 706 883355
00 43 716 885657
00 43 701 887370
00 43 689 888249
00 43 689 883469
00 43 681 882815
00 43 714 888002
00 43 718 883962
00 43 668 885927
00 43 682 888856
00 43 715 886618
00 43 718 884199
00 43 688 888984
00 43 705 888084
00 43 689 888448
00 43 673 887215
00 43 673 883921
00 43 677 885732
00 43 682 884775
00 43 686 884291
00 43 669 882945
00 43 699 887032
00 43 678 887805
00 43 684 887634
00 43 720 884312
00 43 698 883263
00 43 691 886565
00 43 675 885894
00 43 707 887549
00 43 715 887579
00 43 716 882687
00 43 677 889414
00 43 685 886586
00 43 691 883333
00 43 673 889437
00 43 682 885686
00 43 707 884916
00 43 663 888407
00 43 667 884142
00 43 676 886917
00 43 699 887768
00 43 674 887104
00 43 683 885986
00 43 702 884388
00 43 706 886425
00 43 712 884656
00 43 706 886250
00 43 687 883331
00 43 711 886116
00 43 700 886297
00 43 662 883190
00 43 676 888976
00 43 702 885100
00 43 685 883304
00 43 713 889013
00 43 711 885630
00 43 663 888606
00 43 709 887887
00 43 668 888023
00 43 662 885499
00 43 697 887917
00 43 700 884350
00 43 689 885453
00 43 690 886839
00 43 671 888262
00 43 702 884900
00 43 702 886535
00 43 662 887907
00 43 690 887900
00 43 699 887794
00 43 692 882548
00 43 681 886958
00 43 678 885084
00 43 678 884311
00 43 704 885700
00 43 674 889225
00 43 681 885049
00 43 682 886659
00 43 664 887272
00 43 685 885987
00 43 683 886048
00 43 696 886119
00 43 675 885519
00 43 699 882477
00 43 670 886340
00 43 707 887923
00 43 664 885674
00 43 702 883927
00 43 686 884178
00 43 698 883350
00 43 674 885993
00 43 679 888591
00 43 716 884797
00 43 715 884609
00 43 691 884731
00 43 673 887752
00 43 687 886450
00 43 683 882979
00 43 701 887120
00 43 671 886640
00 43 701 887395
00 43 707 883692
00 43 687 884441
00 43 716 883511
00 43 686 885888
00 43 711 885006
00 43 696 888902
00 43 676 883598
00 43 685 887160
00 43 682 885174
00 43 711 884806
00 43 713 885156
00 43 684 882492
00 43 663 889430
00 43 719 884361
00 43 694 886442
00 43 667 884091
00 43 699 889054
00 43 703 885824
00 43 663 885712
00 43 679 883238
00 43 717 889277
00 43 710 887451
00 43 666 888196
00 43 706 885164
00 43 700 888356
00 43 664 887497
00 43 686 885177
00 43 673 888126
00 43 694 884546
00 43 670 884218
00 43 709 888861
00 43 684 883403
00 43 685 883079
00 43 712 882847
00 43 662 883552
00 43 665 883204
00 43 715 889188
00 43 717 888616
00 43 707 888435
00 43 719 885784
00 43 711 887177
