(07) 3649 2525
(02) 9583 1314
(02) 6104 1401
(02) 4047 2708
(03) 5334 3140
(02) 4661 0031
(08) 9449 9690
(07) 3230 1933
(08) 9069 0503
(02) 4376 9244
(02) 4664 1927
(03) 6287 4287
(07) 4040 2246
(02) 4941 7287
(07) 3928 8888
(08) 9025 0832
(03) 5327 0789
(02) 4049 0267
(07) 4084 6471
(02) 6706 6711
(08) 8337 1571
(08) 9032 4888
(07) 4564 8096
(02) 4031 1747
(03) 5358 1624
(07) 4536 4958
(08) 8746 7158
(03) 5315 7166
(03) 8562 9333
(03) 6291 5172
(03) 8067 3166
(03) 6283 4348
(08) 8350 9025
(02) 4934 4015
(02) 4034 0594
(03) 5375 5090
(08) 8722 2353
(07) 5609 4449
(02) 4083 4080
(02) 4098 3779
(07) 4086 9028
(02) 4094 3876
(02) 4092 3765
(02) 6732 9623
(07) 4586 4307
(08) 8751 7332
(02) 4289 7155
(03) 5304 1705
(03) 5320 4519
(02) 6100 0010
(03) 9242 2936
(08) 8211 0271
(07) 4010 7730
(03) 5337 8882
(02) 8723 0864
(08) 9295 1600
(02) 6101 4014
(08) 8706 6439
(07) 4552 0303
(07) 4539 3123
(02) 6174 3269
(02) 4709 3445
(08) 9015 3917
(02) 6141 4325
(03) 5346 1572
(02) 9588 9598
(08) 8252 9199
(03) 5368 6429
(02) 6146 5474
(08) 9462 7131
(02) 6198 1710
(08) 9002 4569
(02) 6744 0008
(08) 8351 7396
(02) 9955 1546
(02) 4012 3794
(02) 4031 8555
(07) 3981 0595
(08) 8390 3058
(08) 9091 0279
(02) 4799 6457
(02) 4976 5524
(02) 6159 4466
(02) 6170 1606
(07) 3978 5975
(02) 4910 4088
(08) 8220 6482
(02) 6755 9649
(02) 6658 8846
(07) 4936 7394
(02) 6610 5974
(07) 4058 0433
(03) 5364 9517
(03) 5374 1231
(03) 6214 6450
(07) 4910 1567
(02) 6783 2100
(02) 4094 9320
(02) 6697 2486
(02) 9883 5371
(08) 8333 5535
(07) 4559 6181
(08) 8717 4501
(03) 5370 9303
(02) 6175 3537
(03) 5309 2373
(02) 6755 1805
(08) 9024 6372
(02) 4998 6084
(02) 4357 1495
(02) 6718 0416
(02) 9710 9871
(02) 4309 5141
(02) 6751 4265
(03) 6212 9857
(08) 9013 9248
(03) 5395 1308
(02) 6702 0305
(02) 4087 1821
(08) 9081 7091
(07) 4987 1936
(02) 4692 7960
(02) 4324 7098
(02) 6169 4028
(03) 9912 8747
(07) 4073 4779
(02) 4946 0846
(03) 5331 3954
(07) 4031 1482
(08) 9021 1412
(02) 9032 4831
(07) 3886 5196
(02) 6119 4025
(07) 4518 9729
(03) 6244 9648
(02) 4208 5766
(02) 4087 1286
(08) 8768 6085
(02) 6154 2393
(02) 6187 5339
(02) 4014 9075
(02) 4701 2553
(02) 6179 8168
(02) 6701 4467
(03) 6241 7947
(03) 5364 3864
(07) 4043 2600
(03) 6251 5903
(07) 4940 0767
(07) 4955 4021
(02) 4668 1169
(03) 5345 8996
(03) 5366 8673
(02) 4090 9925
(08) 9234 7651
(02) 6706 4469
(02) 4045 5261
(08) 9093 2585
(08) 8226 9280
(08) 9041 8744
(07) 5398 7702
(07) 3243 1094
(07) 4057 0805
(02) 9875 3199
(02) 6158 5237
(02) 4276 8664
(03) 5382 7045
(03) 5379 3121
(02) 9145 9162
(02) 6184 4101
(02) 4002 5706
(02) 9124 2466
(08) 9226 2814
(07) 4917 7211
(03) 5369 4962
(02) 6777 9795
(07) 4063 7218
(03) 9931 4381
(03) 5378 5140
(07) 4590 2978
(02) 4218 5179
(08) 9441 8993
(03) 5312 4069
(02) 4979 1616
(08) 8771 2739
(07) 3996 4217
(08) 9097 8824
(02) 6137 8400
(03) 5388 4461
(08) 8252 1692
(07) 4577 2192
(02) 6298 0049
(02) 6120 3313
(07) 4079 3438
(08) 9046 2632
(03) 6214 2163
(03) 5377 9685
(07) 4579 0575
(07) 3655 0617
(02) 6169 5956
(02) 9409 1397
(02) 9218 6593
(08) 8346 8979
(08) 9020 2589
(08) 8314 0093
(03) 5355 0081
(02) 4034 0594
(03) 5342 8324
(03) 5335 8691
(08) 8768 2618
(07) 4002 4135
(03) 5383 6148
(02) 8142 1423
(07) 5375 3396
(02) 4076 2069
(07) 4927 2845
(02) 4901 3662
(02) 9157 9530
(08) 9081 2216
(08) 9064 2307
(08) 8212 4540
(03) 5331 2144
(03) 6275 0404
(07) 4082 6334
(03) 5308 5585
(03) 6248 2729
(07) 5638 3570
(03) 5359 3089
(08) 9098 2118
(03) 5360 5823
(02) 6796 1909
(03) 5386 6515
(02) 6705 8488
(03) 5349 3674
(03) 6248 7602
(02) 4337 1611
(07) 4541 5599
(03) 9506 8141
(07) 3789 6349
(02) 4081 9380
(02) 4744 6645
(03) 8449 1153
(03) 9911 3640
(08) 9000 0660
(03) 5387 3991
(02) 4028 1849
(03) 5378 8510
(02) 4901 5084
(02) 4044 0155
(08) 8299 0656
(08) 8269 7327
(02) 4338 0528
(08) 8344 1857
(07) 3601 9700
(02) 4086 6587
(07) 4938 9410
(02) 4908 0094
(03) 9834 7407
(03) 6294 0146
(02) 6715 9206
(02) 4967 8956
(02) 6157 9096
(03) 9095 9217
(03) 6268 9503
(07) 4543 1481
(03) 6263 6747
(03) 5358 7474
(03) 5317 8195
(08) 9052 0500
(08) 8751 1384
(07) 3945 8333
(03) 5367 4692
(08) 8253 2818
(03) 5354 0738
(02) 4950 2420
(03) 6243 4244
(07) 4929 7991
(08) 9082 4562
(02) 6129 6812
(03) 9624 8738
(07) 4529 3494
(08) 8224 0370
(08) 9331 9021
(07) 4031 3851
(02) 6251 4546
(02) 4967 8686
(02) 6133 3494
(03) 5302 8318
(08) 8267 9574
(07) 4519 6240
(02) 6109 0893
(03) 6211 9233
(07) 4018 6196
(02) 4399 6620
(03) 8973 8595
(07) 5633 8829
(03) 6230 3649
(03) 5348 9785
(08) 9468 1731
(03) 5330 3161
(02) 4032 4290
(02) 4017 9212
(03) 6242 6801
(08) 8298 9333
(03) 5321 5382
(02) 9153 2297
(07) 3498 5398
(08) 8337 8595
(07) 4521 9485
(02) 4752 0045
(08) 8728 9386
(08) 8329 6195
(02) 4013 4034
(02) 4006 6107
(03) 5304 2542
(02) 4907 4922
(07) 4564 4545
(08) 9041 0753
(02) 4640 3193
(02) 9880 8062
(02) 6159 3366
(03) 9054 5499
(02) 4081 5906
(03) 5342 9255
(03) 6297 1694
(08) 8760 6091
(08) 8309 1223
(07) 4939 9049
(03) 5345 6437
(02) 6141 7511
(02) 8685 1412
(08) 8753 5747
(08) 8242 9169
(02) 4044 9134
(03) 6206 4388
(02) 4076 6682
(02) 6141 2760
(03) 6245 8578
(07) 4540 7690
(02) 6171 6577
(02) 6156 8183
(02) 4069 5004
(08) 8286 7839
(08) 9053 8952
(03) 6298 7358
(03) 5334 4811
(03) 5352 4731
(02) 4090 4874
(03) 5362 3070
(02) 6185 9117
(03) 5381 8233
(02) 6607 2548
(07) 5321 1626
(03) 5368 3525
(02) 6143 1417
(03) 5328 9253
(08) 8392 9740
(02) 4989 3515
(03) 6248 3000
(08) 9000 9621
(02) 4700 0195
(02) 4980 4263
(08) 8212 4935
(07) 5356 5602
(03) 9300 6028
(08) 9092 1168
(03) 5337 9906
(03) 5347 6322
(02) 4901 9366
(07) 5335 9265
(08) 9418 4346
(07) 5321 7276
(07) 4044 9790
(03) 5368 9116
(02) 9571 4565
(08) 8265 6139
(03) 5358 1101
(03) 5393 4596
(02) 6156 4302
(08) 9092 4027
(07) 4093 2048
(02) 4080 0936
(03) 5393 7357
