00 32 2 715 57 34
00 32 2 594 58 35
00 32 2 716 58 38
00 32 2 774 53 37
00 32 2 705 64 37
00 32 2 701 60 35
00 32 2 751 60 36
00 32 2 631 63 36
00 32 2 628 67 36
00 32 2 759 59 33
00 32 2 797 56 30
00 32 2 609 58 36
00 32 2 690 64 37
00 32 2 638 65 36
00 32 2 752 43 37
00 32 2 742 64 33
00 32 2 732 46 36
00 32 2 757 45 35
00 32 2 621 57 40
00 32 2 733 42 35
00 32 2 706 44 33
00 32 2 766 58 38
00 32 2 744 45 37
00 32 2 616 47 37
00 32 2 675 47 34
00 32 2 643 47 34
00 32 2 685 42 40
00 32 2 758 64 37
00 32 2 590 60 39
00 32 2 699 46 32
00 32 2 783 46 38
00 32 2 751 45 40
00 32 2 735 48 31
00 32 2 693 47 32
00 32 2 602 42 32
00 32 2 740 53 33
00 32 2 618 42 34
00 32 2 714 59 32
00 32 2 702 54 32
00 32 2 760 65 33
00 32 2 744 58 31
00 32 2 741 51 33
00 32 2 649 66 30
00 32 2 734 67 37
00 32 2 622 48 33
00 32 2 644 54 30
00 32 2 779 49 34
00 32 2 698 61 30
00 32 2 758 56 35
00 32 2 622 65 37
00 32 2 659 66 36
00 32 2 796 60 30
00 32 2 660 59 38
00 32 2 765 63 40
00 32 2 627 63 35
00 32 2 621 66 33
00 32 2 612 49 37
00 32 2 611 44 39
00 32 2 689 50 32
00 32 2 759 65 37
00 32 2 786 56 31
00 32 2 692 66 31
00 32 2 741 51 37
00 32 2 804 60 36
00 32 2 802 44 38
00 32 2 765 46 39
00 32 2 792 50 31
00 32 2 679 63 38
00 32 2 613 43 36
00 32 2 699 43 39
00 32 2 737 45 33
00 32 2 640 50 39
00 32 2 721 46 30
00 32 2 696 52 31
00 32 2 804 46 35
00 32 2 611 60 37
00 32 2 638 56 33
00 32 2 622 53 34
00 32 2 669 52 35
00 32 2 627 42 36
00 32 2 646 63 38
00 32 2 680 42 38
00 32 2 780 46 37
00 32 2 611 62 35
00 32 2 696 46 36
00 32 2 737 51 30
00 32 2 592 52 37
00 32 2 598 43 39
00 32 2 631 49 33
00 32 2 773 49 31
00 32 2 775 55 39
00 32 2 733 50 36
00 32 2 622 48 38
00 32 2 657 44 39
00 32 2 783 52 40
00 32 2 608 59 30
00 32 2 732 62 37
00 32 2 588 54 34
00 32 2 623 54 33
00 32 2 590 57 31
00 32 2 691 42 30
00 32 2 657 62 34
00 32 2 644 63 40
00 32 2 645 67 37
00 32 2 599 58 40
00 32 2 770 50 40
00 32 2 664 54 36
00 32 2 641 60 34
00 32 2 628 65 31
00 32 2 743 66 40
00 32 2 633 47 32
00 32 2 779 43 31
00 32 2 788 56 32
00 32 2 611 49 36
00 32 2 780 53 32
00 32 2 760 56 38
00 32 2 591 60 33
00 32 2 687 56 33
00 32 2 779 43 32
00 32 2 620 47 39
00 32 2 761 43 40
00 32 2 727 58 36
00 32 2 638 55 36
00 32 2 725 57 32
00 32 2 808 60 31
00 32 2 601 60 38
00 32 2 695 59 30
00 32 2 667 60 33
00 32 2 794 51 34
00 32 2 730 58 32
00 32 2 736 66 40
00 32 2 591 44 40
00 32 2 671 45 38
00 32 2 762 58 36
00 32 2 658 48 31
00 32 2 753 62 36
00 32 2 722 60 38
00 32 2 676 55 39
00 32 2 688 42 37
00 32 2 636 50 31
00 32 2 678 47 35
00 32 2 784 56 39
00 32 2 723 44 35
00 32 2 714 60 40
00 32 2 600 51 34
00 32 2 621 56 37
00 32 2 769 66 39
00 32 2 692 55 30
00 32 2 662 48 36
00 32 2 720 62 40
00 32 2 724 53 36
00 32 2 604 60 37
00 32 2 704 56 35
00 32 2 619 42 39
00 32 2 593 67 39
00 32 2 595 65 40
00 32 2 679 53 32
00 32 2 628 55 31
00 32 2 716 54 35
00 32 2 699 43 30
00 32 2 648 56 33
00 32 2 726 44 38
00 32 2 657 52 39
00 32 2 620 61 30
00 32 2 784 44 37
00 32 2 782 42 36
00 32 2 755 56 36
00 32 2 613 42 33
00 32 2 707 58 30
00 32 2 776 44 37
00 32 2 795 52 31
00 32 2 602 50 37
00 32 2 590 52 33
00 32 2 797 56 36
00 32 2 675 64 31
00 32 2 622 61 37
00 32 2 716 42 40
00 32 2 603 48 37
00 32 2 621 49 40
00 32 2 596 64 30
00 32 2 595 58 32
00 32 2 727 51 34
00 32 2 752 59 33
00 32 2 781 58 34
00 32 2 730 66 34
00 32 2 705 61 31
00 32 2 632 50 35
00 32 2 658 57 35
00 32 2 632 43 37
00 32 2 627 60 33
00 32 2 599 47 33
00 32 2 704 62 37
00 32 2 805 59 35
00 32 2 694 66 32
00 32 2 661 60 31
00 32 2 621 62 30
00 32 2 758 65 30
00 32 2 775 62 35
00 32 2 714 60 36
00 32 2 666 57 40
00 32 2 774 53 36
00 32 2 627 43 33
00 32 2 765 59 40
00 32 2 762 60 32
00 32 2 806 53 34
00 32 2 782 66 32
00 32 2 710 54 31
00 32 2 723 46 32
00 32 2 694 56 40
00 32 2 779 49 35
00 32 2 777 56 34
00 32 2 694 56 30
00 32 2 611 65 31
00 32 2 705 50 38
00 32 2 641 61 34
00 32 2 710 65 40
00 32 2 618 47 37
00 32 2 763 65 32
00 32 2 753 55 35
00 32 2 694 59 39
00 32 2 669 56 35
00 32 2 599 48 34
00 32 2 786 62 35
00 32 2 680 65 32
00 32 2 603 58 31
00 32 2 635 46 35
00 32 2 747 64 37
00 32 2 595 47 40
00 32 2 594 58 37
00 32 2 740 66 33
00 32 2 756 61 39
00 32 2 691 55 34
00 32 2 704 45 36
