070 6026 2468
077 0943 6427
078 0225 0880
070 1880 5089
070 0143 6466
070 7382 0882
070 4266 4358
070 0500 2107
077 0226 6171
078 6190 3736
079 7605 6102
077 8682 7020
079 6511 4728
077 4930 5685
077 3720 9113
079 0026 2319
078 2360 9971
070 2147 5353
070 4761 7047
078 0974 5930
077 2562 2567
070 7842 8507
078 1821 8848
078 5130 1593
078 2333 3805
079 0663 5118
078 3178 0510
079 6832 8720
078 8961 5954
078 7356 6463
077 2396 4867
077 5271 4295
070 8206 0751
070 8825 1593
078 3648 3727
070 5174 3369
079 1176 8426
079 7951 2106
079 1967 7533
079 0748 9620
070 4535 3958
070 0944 0804
077 2956 8167
077 0533 6750
077 4473 5635
078 8154 6768
079 4834 2012
077 2248 2812
078 7849 7654
070 1821 7301
079 4077 1864
078 2296 6833
077 5436 8724
077 2466 5392
077 6605 6832
077 4833 0703
079 1797 0249
077 5052 3011
079 5952 0540
078 4226 9253
078 1611 1937
079 0440 8254
078 8127 2360
070 2475 8084
078 3271 3933
070 5444 5006
078 8278 4801
077 4518 8599
079 5373 1477
078 7665 2166
078 4248 0529
079 6365 2978
077 4290 2462
078 4147 2962
079 5835 6915
078 2181 0501
079 4185 9610
079 8732 7417
079 7269 6789
070 2215 1500
079 0399 0325
079 0650 2249
079 6823 4449
079 8097 5407
070 4989 4180
070 8906 0795
078 0059 5477
070 5599 8649
078 7627 0520
078 4982 3388
070 7050 1769
070 6677 3396
079 6704 7937
079 6620 6020
079 5710 6512
077 7216 6948
079 0863 9578
079 8272 3710
078 2571 7904
070 0787 3177
077 6899 1085
078 0802 2292
078 0226 8313
079 4557 0387
077 8147 4296
079 4749 5316
079 4268 6900
079 0291 2961
070 1864 3892
077 5020 7588
070 8368 0559
078 5224 4353
078 6370 0011
077 6490 4090
079 5098 8134
077 8461 1187
077 3196 1678
077 7731 0582
079 4603 0213
077 8048 2641
070 5173 7293
079 1729 1767
077 7250 2161
070 4256 8356
070 0304 0329
079 2536 3931
079 4111 5716
078 7365 2691
078 1127 6157
070 3893 2422
070 8853 4003
079 1591 4805
070 4352 7861
070 5712 3801
079 4218 5172
077 2266 6960
079 4788 0084
070 3198 8482
070 4988 4805
070 7261 0081
078 5686 2258
078 3835 8985
078 2262 2057
077 0377 4632
070 4020 2976
079 6813 7387
078 7823 3621
070 4240 7818
078 1491 4943
078 5956 0978
078 2463 6972
070 5112 1558
077 0824 0954
079 0501 3087
079 6010 7295
070 3964 8631
078 2753 5992
070 5070 2625
077 1899 1493
070 1184 8979
070 0868 9231
079 7495 4317
070 0390 9824
070 8046 0772
077 1102 9618
079 0961 6413
070 3191 9845
077 5927 7702
079 0972 5500
079 1867 2384
070 3900 5546
079 8068 0028
079 5925 6513
078 1816 4939
079 0390 0879
070 0969 3185
079 1729 1767
077 0575 8147
078 2199 3416
070 5908 1039
078 8698 9638
070 1708 6687
077 4159 3588
070 1729 1292
077 5289 4628
070 5310 1904
079 4513 5045
070 2147 5353
078 3794 8897
079 8981 0317
079 3403 5609
077 6794 8647
078 6816 6573
077 6775 6195
070 7904 1011
070 5511 8487
077 4867 2047
079 5944 5106
079 4901 4639
078 1645 3906
079 7469 9300
078 8257 0681
070 5958 2518
077 0736 7303
079 4131 1723
077 6974 0516
079 0098 5284
078 8275 7349
070 3036 3412
078 4393 5657
079 0026 2795
078 7102 0918
079 4909 8219
077 1930 9500
079 0266 3031
079 8671 5976
079 6413 6916
078 3008 4056
078 4441 9186
078 2078 8345
079 2257 0389
078 6683 1966
079 8812 2255
078 4695 8743
078 2965 6009
079 3751 5282
070 4764 1498
070 8308 7177
079 5518 8107
077 2984 6126
077 5462 1027
078 8887 7572
079 3509 1375
077 3293 8907
070 8270 6208
070 5117 7226
070 6134 8311
079 5391 4111
077 5915 4139
079 3013 9245
070 8251 3359
079 0311 0454
070 8303 9497
070 6304 7366
077 6492 3348
070 7134 0223
079 1544 5949
070 5810 3735
079 7105 8441
077 1322 0911
079 5078 7233
079 4959 6214
070 3973 3552
070 8436 8945
079 7789 3772
079 2542 6025
077 5017 8543
078 5380 4763
070 1605 4763
070 7307 5540
079 4823 8111
078 4762 9380
079 5706 6213
079 5514 9892
079 0379 8427
077 2251 5511
078 6264 0274
078 2775 3506
077 3430 2231
079 3118 0658
077 0126 6747
077 2974 1691
079 8205 3593
078 2397 4687
079 6314 3626
070 2293 9430
079 0631 3312
079 5206 2304
077 2107 0912
077 8012 0879
077 0856 0550
077 6448 8874
079 6578 0334
078 0814 1370
079 4353 4167
077 6549 5918
070 0071 0929
078 7090 7868
078 1560 7810
079 0028 9313
077 2618 5307
079 6034 5250
070 5524 4355
077 5514 8403
078 8538 8843
070 7653 8910
078 2923 4341
078 1846 7962
079 6035 1368
078 0366 5557
077 0976 7687
077 0906 2120
078 1705 9324
070 0799 9515
077 2428 3239
070 1157 0261
078 8474 3028
070 7633 3958
077 3368 7879
079 1535 0478
079 5493 9905
077 8373 1750
079 8834 2775
079 2855 0218
077 5144 5674
078 2680 3752
078 5455 4574
