00 95 64 554 876
00 95 7 597 4185
00 95 31 737 4524
00 95 16 758 3912
00 95 60 595 2323
00 95 47 714 5168
00 95 22 268 4524
00 95 20 777 5854
00 95 48 736 1535
00 95 64 559 5628
00 95 24 299 3506
00 95 18 555 1325
00 95 17 371 2125
00 95 63 803 4648
00 95 25 380 3295
00 95 3 450 1647
00 95 61 246 2297
00 95 14 809 1085
00 95 35 527 6015
00 95 62 262 4370
00 95 40 234 2867
00 95 52 232 1637
00 95 31 468 5947
00 95 46 664 4427
00 95 48 497 2038
00 95 12 763 5161
00 95 24 804 5214
00 95 41 292 4596
00 95 12 328 5856
00 95 30 311 2670
00 95 58 680 3328
00 95 33 401 5041
00 95 26 471 2065
00 95 8 567 3477
00 95 9 695 2412
00 95 39 791 3310
00 95 17 800 1940
00 95 14 604 3825
00 95 55 578 1976
00 95 46 388 4797
00 95 12 313 3685
00 95 18 366 2570
00 95 6 345 4145
00 95 5 739 1820
00 95 5 631 2886
00 95 20 674 1181
00 95 40 307 3198
00 95 35 771 5002
00 95 23 751 2976
00 95 58 307 3745
00 95 32 482 1261
00 95 22 283 1434
00 95 59 548 4772
00 95 66 666 1274
00 95 27 596 3072
00 95 18 531 1736
00 95 8 766 1246
00 95 12 534 3083
00 95 36 669 5526
00 95 41 732 3457
00 95 63 697 3675
00 95 34 727 5412
00 95 36 426 2904
00 95 10 395 1533
00 95 51 504 5032
00 95 31 611 1889
00 95 36 469 2560
00 95 11 485 3969
00 95 32 641 904
00 95 7 420 4443
00 95 14 524 4004
00 95 29 510 5701
00 95 35 691 5181
00 95 64 683 1472
00 95 47 610 4129
00 95 17 269 4277
00 95 52 527 2994
00 95 3 472 4904
00 95 46 454 2447
00 95 25 437 5089
00 95 43 311 3002
00 95 60 314 3138
00 95 21 655 1082
00 95 7 232 5687
00 95 4 498 6023
00 95 38 446 2873
00 95 15 360 4772
00 95 14 324 1005
00 95 26 671 5030
00 95 38 232 2965
00 95 40 751 5184
00 95 66 516 4279
00 95 39 702 6070
00 95 62 489 4886
00 95 4 390 1827
00 95 13 316 5214
00 95 67 754 2116
00 95 12 582 2262
00 95 54 460 2055
00 95 9 688 1360
00 95 40 701 4442
00 95 25 746 1793
00 95 31 688 5377
00 95 38 558 3336
00 95 49 706 6024
00 95 1 345 2335
00 95 13 510 3460
00 95 54 309 3465
00 95 23 641 2447
00 95 10 779 5358
00 95 44 236 1043
00 95 40 613 1908
00 95 56 671 2374
00 95 21 249 4491
00 95 1 465 5479
00 95 17 689 1444
00 95 6 667 1391
00 95 35 736 1203
00 95 61 343 5819
00 95 36 627 2236
00 95 37 795 2932
00 95 21 439 4809
00 95 35 470 4188
00 95 48 810 1833
00 95 6 343 2582
00 95 48 760 1092
00 95 32 573 5325
00 95 41 746 5628
00 95 9 641 3775
00 95 19 480 4596
00 95 64 670 896
