00 375 17 201-15-11
00 375 17 204-10-20
00 375 17 202-34-17
00 375 17 211-15-13
00 375 17 207-3-16
00 375 17 213-11-17
00 375 17 201-28-11
00 375 17 210-33-20
00 375 17 210-35-10
00 375 17 200-38-15
00 375 17 210-36-16
00 375 17 202-39-10
00 375 17 210-6-19
00 375 17 207-30-12
00 375 17 209-25-20
00 375 17 208-2-14
00 375 17 215-35-17
00 375 17 206-30-14
00 375 17 202-20-20
00 375 17 212-38-12
00 375 17 210-14-19
00 375 17 207-17-18
00 375 17 202-29-14
00 375 17 204-34-10
00 375 17 203-24-11
00 375 17 211-35-19
00 375 17 214-37-20
00 375 17 215-22-10
00 375 17 211-38-19
00 375 17 215-23-16
00 375 17 203-10-17
00 375 17 202-15-19
00 375 17 210-12-18
00 375 17 204-23-13
00 375 17 203-16-10
00 375 17 213-3-18
00 375 17 201-4-11
00 375 17 204-17-19
00 375 17 213-19-10
00 375 17 205-38-13
00 375 17 209-10-18
00 375 17 203-4-18
00 375 17 204-7-12
00 375 17 211-30-17
00 375 17 201-6-20
00 375 17 210-9-20
00 375 17 206-26-18
00 375 17 203-32-15
00 375 17 203-29-15
00 375 17 213-30-17
00 375 17 206-20-20
00 375 17 212-33-10
00 375 17 214-13-16
00 375 17 205-9-20
00 375 17 201-39-10
00 375 17 214-5-19
00 375 17 212-37-10
00 375 17 206-29-11
00 375 17 212-26-14
00 375 17 206-21-10
00 375 17 213-35-12
00 375 17 209-29-12
00 375 17 203-29-11
00 375 17 211-11-14
00 375 17 209-4-19
00 375 17 202-11-15
00 375 17 210-34-18
00 375 17 212-6-10
00 375 17 201-0-11
00 375 17 210-37-20
00 375 17 215-6-13
00 375 17 214-17-16
00 375 17 213-21-20
00 375 17 204-27-10
00 375 17 205-13-13
00 375 17 201-37-11
00 375 17 214-1-16
00 375 17 211-2-15
00 375 17 209-21-19
00 375 17 211-35-15
00 375 17 213-18-18
00 375 17 202-5-19
00 375 17 200-16-14
00 375 17 211-3-18
00 375 17 209-7-18
00 375 17 202-17-10
00 375 17 206-3-20
00 375 17 206-33-15
00 375 17 212-4-14
00 375 17 214-39-13
00 375 17 215-10-11
00 375 17 212-36-20
00 375 17 205-27-20
00 375 17 201-10-18
00 375 17 209-2-20
00 375 17 203-22-19
00 375 17 214-31-12
00 375 17 213-14-17
00 375 17 207-6-19
00 375 17 209-24-11
00 375 17 207-32-15
00 375 17 215-8-13
00 375 17 206-3-20
00 375 17 212-21-13
00 375 17 204-17-15
00 375 17 215-24-12
00 375 17 209-37-20
00 375 17 213-17-15
00 375 17 211-11-13
00 375 17 210-40-12
00 375 17 214-23-11
00 375 17 212-19-12
00 375 17 202-17-17
00 375 17 213-21-14
00 375 17 212-13-12
00 375 17 202-21-10
00 375 17 210-35-10
00 375 17 213-34-11
00 375 17 202-39-12
00 375 17 200-1-14
00 375 17 213-6-13
00 375 17 205-4-16
00 375 17 206-31-20
00 375 17 215-35-20
00 375 17 215-12-20
00 375 17 212-40-12
00 375 17 206-21-16
00 375 17 214-18-10
00 375 17 209-34-18
00 375 17 212-26-11
00 375 17 209-20-16
00 375 17 207-28-15
00 375 17 215-33-12
00 375 17 211-28-19
00 375 17 214-18-13
00 375 17 209-40-16
00 375 17 210-30-12
00 375 17 205-14-13
00 375 17 211-29-12
00 375 17 214-10-20
00 375 17 214-26-10
00 375 17 215-8-11
00 375 17 214-2-17
00 375 17 206-36-10
00 375 17 204-3-19
00 375 17 205-19-13
00 375 17 214-30-12
00 375 17 209-33-16
00 375 17 200-3-19
00 375 17 211-32-13
00 375 17 209-22-10
00 375 17 208-17-19
00 375 17 211-6-20
00 375 17 215-11-13
00 375 17 207-31-18
00 375 17 211-25-16
00 375 17 208-14-17
00 375 17 204-26-18
00 375 17 205-7-15
00 375 17 203-33-11
00 375 17 202-7-19
00 375 17 207-1-18
00 375 17 210-3-10
00 375 17 209-37-12
00 375 17 212-28-19
00 375 17 213-3-18
00 375 17 204-9-15
00 375 17 212-13-12
00 375 17 215-17-17
00 375 17 202-39-18
00 375 17 211-37-14
00 375 17 206-39-18
00 375 17 214-15-18
00 375 17 211-12-13
00 375 17 211-37-11
00 375 17 206-8-13
00 375 17 204-4-19
00 375 17 203-12-16
00 375 17 213-20-11
00 375 17 206-40-15
00 375 17 203-26-14
00 375 17 200-24-20
00 375 17 215-20-17
00 375 17 206-28-17
00 375 17 206-21-14
00 375 17 215-14-15
00 375 17 206-5-14
00 375 17 214-10-16
00 375 17 200-31-12
00 375 17 202-7-18
00 375 17 202-9-14
00 375 17 214-2-16
00 375 17 209-36-18
00 375 17 208-12-18
00 375 17 208-1-14
00 375 17 201-1-13
00 375 17 207-39-15
00 375 17 205-13-10
00 375 17 208-14-16
00 375 17 205-22-12
00 375 17 201-19-11
00 375 17 205-18-16
00 375 17 209-18-15
00 375 17 203-21-20
00 375 17 212-20-12
00 375 17 212-11-20
00 375 17 207-5-14
00 375 17 212-16-20
00 375 17 202-21-18
00 375 17 207-0-12
00 375 17 211-27-20
00 375 17 209-1-18
00 375 17 205-25-20
00 375 17 211-12-20
00 375 17 202-33-12
00 375 17 209-35-19
00 375 17 200-11-18
00 375 17 204-11-10
00 375 17 203-36-19
00 375 17 206-31-20
00 375 17 205-23-18
00 375 17 207-24-10
00 375 17 212-26-11
00 375 17 200-7-14
00 375 17 215-40-16
00 375 17 200-18-11
00 375 17 205-15-17
00 375 17 215-0-19
00 375 17 215-24-19
00 375 17 203-19-17
00 375 17 211-35-15
00 375 17 203-26-16
00 375 17 202-37-14
00 375 17 213-33-18
00 375 17 205-16-15
00 375 17 207-40-16
00 375 17 209-40-17
00 375 17 203-5-20
00 375 17 201-30-16
00 375 17 209-18-20
00 375 17 214-12-15
00 375 17 201-24-13
00 375 17 206-7-16
00 375 17 202-39-15
00 375 17 205-38-13
00 375 17 212-35-12
00 375 17 203-20-16
00 375 17 203-36-15
00 375 17 208-16-10
00 375 17 200-2-19
00 375 17 214-40-12
00 375 17 205-6-18
00 375 17 208-30-10
00 375 17 201-36-18
00 375 17 205-17-18
00 375 17 207-7-16
00 375 17 202-19-13
00 375 17 213-19-19
00 375 17 215-3-18
00 375 17 203-35-17
00 375 17 206-25-12
00 375 17 207-19-17
00 375 17 211-30-14
00 375 17 208-24-14
00 375 17 201-30-16
00 375 17 212-2-14
00 375 17 214-28-13
00 375 17 200-12-15
00 375 17 203-34-20
00 375 17 201-35-14
00 375 17 209-29-17
00 375 17 211-15-13
00 375 17 208-19-11
00 375 17 202-2-18
00 375 17 200-3-11
00 375 17 201-30-15
00 375 17 203-26-16
00 375 17 203-12-20
00 375 17 202-23-19
00 375 17 203-32-14
00 375 17 213-37-11
00 375 17 201-30-11
00 375 17 207-20-15
00 375 17 209-17-19
00 375 17 210-11-13
00 375 17 202-2-19
00 375 17 212-24-12
00 375 17 204-2-11
00 375 17 203-12-19
00 375 17 200-15-20
00 375 17 208-7-17
00 375 17 213-24-19
00 375 17 211-0-14
00 375 17 201-14-11
00 375 17 209-0-10
00 375 17 203-18-16
00 375 17 213-37-17
00 375 17 201-6-13
00 375 17 206-15-20
00 375 17 200-20-19
00 375 17 211-3-11
00 375 17 204-18-11
00 375 17 214-2-16
00 375 17 203-8-10
00 375 17 200-40-17
00 375 17 208-16-15
00 375 17 207-14-15
00 375 17 206-17-20
00 375 17 215-29-17
00 375 17 200-25-10
00 375 17 215-1-10
00 375 17 209-23-18
00 375 17 201-32-11
00 375 17 209-12-18
00 375 17 214-14-17
00 375 17 204-23-14
00 375 17 209-8-14
00 375 17 208-3-12
00 375 17 200-5-16
00 375 17 208-33-10
00 375 17 202-21-13
00 375 17 209-5-14
00 375 17 214-26-16
00 375 17 213-8-15
00 375 17 214-31-14
00 375 17 201-4-19
00 375 17 205-26-17
00 375 17 204-6-10
00 375 17 208-19-16
00 375 17 211-6-17
00 375 17 212-17-15
00 375 17 205-24-15
00 375 17 202-28-11
00 375 17 213-38-12
00 375 17 202-32-14
00 375 17 201-36-11
00 375 17 207-37-10
00 375 17 204-24-17
00 375 17 213-0-19
00 375 17 201-39-17
00 375 17 209-7-17
00 375 17 203-33-16
00 375 17 211-34-10
00 375 17 204-9-15
00 375 17 202-1-20
00 375 17 207-29-19
00 375 17 203-24-17
00 375 17 204-23-12
00 375 17 206-20-13
00 375 17 204-40-10
00 375 17 203-2-19
00 375 17 201-17-13
00 375 17 215-5-17
00 375 17 208-32-13
00 375 17 203-19-13
00 375 17 203-28-15
00 375 17 215-37-14
00 375 17 206-30-10
00 375 17 215-26-11
00 375 17 211-30-20
00 375 17 200-17-14
00 375 17 212-0-13
00 375 17 200-35-20
00 375 17 201-21-16
00 375 17 206-27-10
00 375 17 213-11-18
00 375 17 204-36-10
00 375 17 206-18-17
00 375 17 211-7-13
00 375 17 206-28-12
00 375 17 200-1-20
00 375 17 202-15-19
00 375 17 200-0-16
00 375 17 212-36-14
00 375 17 204-1-20
00 375 17 206-30-16
00 375 17 202-27-17
00 375 17 210-1-12
00 375 17 206-9-15
00 375 17 211-19-15
00 375 17 202-7-12
00 375 17 207-32-12
00 375 17 204-13-20
00 375 17 200-37-10
00 375 17 210-3-19
00 375 17 213-12-15
00 375 17 205-28-19
00 375 17 215-1-19
00 375 17 214-17-12
00 375 17 202-9-16
00 375 17 208-1-14
00 375 17 207-8-12
00 375 17 207-30-10
00 375 17 202-31-14
00 375 17 202-27-13
00 375 17 202-14-10
00 375 17 208-1-18
00 375 17 202-20-16
00 375 17 203-15-16
00 375 17 200-35-15
00 375 17 213-34-14
00 375 17 214-26-11
00 375 17 201-17-10
00 375 17 209-27-14
00 375 17 206-8-13
00 375 17 211-33-16
00 375 17 211-25-17
00 375 17 214-6-10
00 375 17 215-27-13
00 375 17 204-8-20
00 375 17 207-8-13
00 375 17 207-9-11
