00 56 2 2890 3994
00 56 2 2723 5635
00 56 2 2715 6917
00 56 2 2922 6787
00 56 2 2709 3609
00 56 2 2611 3596
00 56 2 2510 6022
00 56 2 2608 3205
00 56 2 2837 2818
00 56 2 2570 3070
00 56 2 2813 3669
00 56 2 2585 4736
00 56 2 2754 5707
00 56 2 2860 4243
00 56 2 2756 3877
00 56 2 2503 4184
00 56 2 2696 4054
00 56 2 2598 4971
00 56 2 2669 5554
00 56 2 2693 4828
00 56 2 2552 5508
00 56 2 2553 4164
00 56 2 2880 3235
00 56 2 2604 5574
00 56 2 2651 4607
00 56 2 2614 5097
00 56 2 2840 4570
00 56 2 2567 5329
00 56 2 2884 4627
00 56 2 2671 6680
00 56 2 2879 4095
00 56 2 2911 3002
00 56 2 2702 4477
00 56 2 2615 3448
00 56 2 2888 5089
00 56 2 2648 6241
00 56 2 2874 3063
00 56 2 2775 3049
00 56 2 2756 6458
00 56 2 2546 5211
00 56 2 2850 3663
00 56 2 2603 4393
00 56 2 2812 7110
00 56 2 2934 3191
00 56 2 2520 5186
00 56 2 2866 6385
00 56 2 2509 5952
00 56 2 2825 3459
00 56 2 2654 6538
00 56 2 2577 3563
00 56 2 2613 6262
00 56 2 2548 4922
00 56 2 2702 6627
00 56 2 2504 3575
00 56 2 2577 6949
00 56 2 2871 6487
00 56 2 2554 4359
00 56 2 2537 5328
00 56 2 2730 6918
00 56 2 2807 7062
00 56 2 2540 3013
00 56 2 2567 3359
00 56 2 2522 5077
00 56 2 2684 5555
00 56 2 2551 5868
00 56 2 2923 5317
00 56 2 2722 4704
00 56 2 2832 5242
00 56 2 2914 3088
00 56 2 2617 5739
00 56 2 2782 4708
00 56 2 2702 5032
00 56 2 2643 6694
00 56 2 2856 3531
00 56 2 2592 3994
00 56 2 2624 3831
00 56 2 2506 6851
00 56 2 2653 6343
00 56 2 2919 5841
00 56 2 2927 4919
00 56 2 2831 6837
00 56 2 2775 4340
00 56 2 2777 4785
00 56 2 2622 2830
00 56 2 2632 5560
00 56 2 2675 5171
00 56 2 2933 4106
00 56 2 2918 5215
00 56 2 2677 6297
00 56 2 2681 3373
00 56 2 2838 7080
00 56 2 2826 6610
00 56 2 2855 3585
00 56 2 2683 6595
00 56 2 2823 3873
00 56 2 2676 5922
00 56 2 2618 5074
00 56 2 2572 5001
00 56 2 2776 6506
00 56 2 2797 6429
00 56 2 2735 5299
00 56 2 2678 6242
00 56 2 2589 5143
00 56 2 2640 7038
00 56 2 2591 7004
00 56 2 2820 5757
00 56 2 2685 4210
00 56 2 2877 4939
00 56 2 2648 3285
00 56 2 2769 3737
00 56 2 2795 5733
00 56 2 2701 6932
00 56 2 2783 6498
00 56 2 2660 4005
00 56 2 2928 7085
00 56 2 2851 4109
00 56 2 2887 6809
