00 31 20 632 6280
00 31 20 628 6304
00 31 20 634 6113
00 31 20 629 6248
00 31 20 678 6137
00 31 20 652 6255
00 31 20 690 6308
00 31 20 672 6323
00 31 20 642 6322
00 31 20 698 6248
00 31 20 700 6171
00 31 20 695 6217
00 31 20 626 6241
00 31 20 669 6288
00 31 20 674 6261
00 31 20 675 6124
00 31 20 695 6092
00 31 20 631 6309
00 31 20 677 6252
00 31 20 680 6243
00 31 20 650 6336
00 31 20 651 6246
00 31 20 689 6338
00 31 20 687 6245
00 31 20 646 6118
00 31 20 706 6297
00 31 20 685 6193
00 31 20 673 6327
00 31 20 660 6160
00 31 20 686 6131
00 31 20 645 6276
00 31 20 707 6161
00 31 20 671 6135
00 31 20 656 6210
00 31 20 634 6257
00 31 20 675 6206
00 31 20 656 6239
00 31 20 684 6205
00 31 20 632 6336
00 31 20 646 6134
00 31 20 682 6144
00 31 20 659 6313
00 31 20 703 6182
00 31 20 686 6142
00 31 20 638 6310
00 31 20 646 6205
00 31 20 649 6257
00 31 20 683 6165
00 31 20 679 6145
00 31 20 625 6342
00 31 20 625 6231
00 31 20 704 6136
00 31 20 695 6110
00 31 20 661 6131
00 31 20 697 6301
00 31 20 639 6253
00 31 20 663 6138
00 31 20 644 6296
00 31 20 666 6139
00 31 20 642 6187
00 31 20 649 6164
00 31 20 640 6246
00 31 20 687 6205
00 31 20 692 6136
00 31 20 632 6122
00 31 20 627 6177
00 31 20 649 6171
00 31 20 677 6296
00 31 20 679 6210
00 31 20 672 6287
00 31 20 707 6233
00 31 20 665 6339
00 31 20 677 6099
00 31 20 663 6247
00 31 20 662 6326
00 31 20 632 6199
00 31 20 694 6248
00 31 20 668 6254
00 31 20 669 6121
00 31 20 646 6337
00 31 20 708 6330
00 31 20 663 6242
00 31 20 706 6341
00 31 20 684 6160
00 31 20 696 6278
00 31 20 627 6147
00 31 20 662 6132
00 31 20 635 6129
00 31 20 635 6289
00 31 20 627 6164
00 31 20 692 6217
00 31 20 655 6178
00 31 20 683 6299
00 31 20 639 6229
00 31 20 685 6266
00 31 20 633 6242
00 31 20 638 6241
00 31 20 643 6275
00 31 20 708 6215
00 31 20 635 6254
00 31 20 657 6312
00 31 20 705 6237
00 31 20 649 6261
00 31 20 660 6179
00 31 20 653 6307
00 31 20 662 6098
00 31 20 629 6197
00 31 20 642 6120
00 31 20 638 6299
00 31 20 653 6170
00 31 20 710 6213
00 31 20 704 6306
00 31 20 653 6191
00 31 20 669 6191
00 31 20 675 6095
00 31 20 646 6145
00 31 20 675 6179
00 31 20 687 6094
00 31 20 682 6304
00 31 20 623 6096
00 31 20 683 6198
00 31 20 685 6341
00 31 20 707 6248
00 31 20 703 6095
00 31 20 654 6182
00 31 20 640 6338
00 31 20 640 6124
00 31 20 684 6339
00 31 20 654 6328
00 31 20 709 6285
00 31 20 637 6130
00 31 20 634 6235
00 31 20 663 6308
00 31 20 691 6114
00 31 20 674 6199
00 31 20 709 6244
00 31 20 657 6319
00 31 20 653 6287
00 31 20 641 6266
00 31 20 708 6301
00 31 20 702 6295
00 31 20 661 6211
00 31 20 694 6265
00 31 20 698 6338
00 31 20 689 6170
00 31 20 693 6346
00 31 20 631 6131
00 31 20 656 6292
00 31 20 684 6142
00 31 20 639 6102
00 31 20 699 6324
00 31 20 650 6096
00 31 20 664 6144
00 31 20 653 6200
00 31 20 697 6251
00 31 20 657 6210
00 31 20 696 6112
00 31 20 626 6313
00 31 20 691 6111
00 31 20 655 6305
00 31 20 669 6242
00 31 20 622 6112
00 31 20 659 6100
00 31 20 622 6317
00 31 20 649 6205
00 31 20 709 6319
00 31 20 669 6153
00 31 20 625 6178
00 31 20 704 6199
00 31 20 688 6344
00 31 20 697 6204
00 31 20 640 6349
00 31 20 633 6159
00 31 20 624 6120
00 31 20 633 6187
00 31 20 647 6239
00 31 20 681 6280
00 31 20 673 6108
00 31 20 632 6299
00 31 20 622 6308
00 31 20 648 6236
00 31 20 635 6241
00 31 20 672 6212
00 31 20 633 6227
00 31 20 689 6222
00 31 20 666 6192
00 31 20 642 6124
00 31 20 656 6193
00 31 20 694 6173
00 31 20 655 6157
00 31 20 697 6230
00 31 20 671 6140
00 31 20 639 6286
00 31 20 668 6333
00 31 20 638 6202
00 31 20 655 6267
00 31 20 680 6233
00 31 20 684 6130
00 31 20 708 6239
00 31 20 674 6243
00 31 20 708 6211
00 31 20 626 6271
00 31 20 657 6222
00 31 20 654 6225
00 31 20 674 6227
00 31 20 642 6205
00 31 20 679 6090
00 31 20 634 6236
00 31 20 690 6295
00 31 20 625 6211
00 31 20 683 6145
00 31 20 658 6154
00 31 20 677 6123
00 31 20 641 6223
00 31 20 647 6320
00 31 20 704 6177
00 31 20 702 6170
00 31 20 666 6175
00 31 20 639 6289
00 31 20 660 6240
00 31 20 655 6109
00 31 20 681 6265
00 31 20 635 6247
00 31 20 682 6275
00 31 20 690 6136
00 31 20 661 6164
00 31 20 704 6129
00 31 20 659 6219
00 31 20 696 6185
00 31 20 673 6332
00 31 20 643 6132
00 31 20 657 6267
00 31 20 652 6192
00 31 20 696 6178
