00 20 55 3243980
00 20 36 2701185
00 20 47 2162713
00 20 59 3431637
00 20 30 3168011
00 20 14 1786885
00 20 63 2391237
00 20 21 1917617
00 20 16 2520322
00 20 63 2717037
00 20 46 2026834
00 20 25 2235079
00 20 25 1912161
00 20 19 2738037
00 20 45 2334415
00 20 58 2275843
00 20 41 2608437
00 20 59 3114792
00 20 43 2892342
00 20 37 3304816
00 20 49 2500969
00 20 38 3425666
00 20 25 3278979
00 20 13 3213819
00 20 33 2854666
00 20 5 3249024
00 20 39 3072690
00 20 31 3267759
00 20 40 3247891
00 20 8 2163228
00 20 3 1851839
00 20 13 3045000
00 20 55 3259009
00 20 30 3119733
00 20 32 2567879
00 20 7 2123905
00 20 61 2466382
00 20 55 2323812
00 20 44 3112630
00 20 60 3455930
00 20 42 2134920
00 20 4 2726919
00 20 23 3064455
00 20 29 3246347
00 20 48 1842986
00 20 53 2220874
00 20 18 2001717
00 20 25 2760066
00 20 60 2855490
00 20 57 2070583
00 20 12 2875871
00 20 33 3261994
00 20 64 3064249
00 20 64 1854412
00 20 54 1892191
00 20 36 2643951
00 20 44 2047628
00 20 59 2837270
00 20 63 2002129
00 20 19 2170845
00 20 47 2757080
00 20 26 2910974
00 20 24 2784050
00 20 29 3107586
00 20 58 3084425
00 20 12 3340433
00 20 49 2129773
00 20 51 3345992
00 20 60 2608025
00 20 65 2017467
00 20 57 2990751
00 20 4 2464426
00 20 37 2592791
00 20 42 1893529
00 20 32 3258803
00 20 65 3414343
00 20 38 2617084
00 20 55 2546983
00 20 23 2512293
00 20 25 2401016
00 20 47 2259270
00 20 23 1869647
00 20 13 2016129
00 20 61 2375899
00 20 47 2784256
00 20 58 2812976
00 20 51 3035220
00 20 28 2917356
00 20 23 2083862
00 20 17 3268788
00 20 56 3461386
00 20 39 1917205
00 20 22 3109542
00 20 12 2815447
