00 63 2 660 7662
00 63 2 741 8824
00 63 2 932 7020
00 63 2 688 7306
00 63 2 787 8422
00 63 2 743 8298
00 63 2 921 7553
00 63 2 894 8991
00 63 2 931 7103
00 63 2 664 7569
00 63 2 887 8758
00 63 2 667 7223
00 63 2 701 7206
00 63 2 739 8137
00 63 2 754 8134
00 63 2 868 7501
00 63 2 645 8231
00 63 2 890 7502
00 63 2 755 7183
00 63 2 793 7327
00 63 2 684 7677
00 63 2 725 7164
00 63 2 813 7403
00 63 2 676 8200
00 63 2 740 7046
00 63 2 793 8622
00 63 2 848 8295
00 63 2 753 7619
00 63 2 735 7837
00 63 2 702 7378
00 63 2 783 7359
00 63 2 944 7085
00 63 2 904 7549
00 63 2 686 8930
00 63 2 853 8095
00 63 2 859 8098
00 63 2 855 7683
00 63 2 669 8779
00 63 2 666 8002
00 63 2 732 8159
00 63 2 823 7739
00 63 2 883 8425
00 63 2 769 8582
00 63 2 799 8765
00 63 2 730 7218
00 63 2 939 7368
00 63 2 773 7333
00 63 2 667 7419
00 63 2 811 7617
00 63 2 757 7108
00 63 2 911 7757
00 63 2 885 7620
00 63 2 674 8439
00 63 2 886 7144
00 63 2 792 7352
00 63 2 749 8868
00 63 2 867 7183
00 63 2 934 8978
00 63 2 652 7619
00 63 2 806 8662
00 63 2 686 7348
00 63 2 823 8108
00 63 2 724 8058
00 63 2 664 8503
00 63 2 678 8436
00 63 2 789 8035
00 63 2 930 8169
00 63 2 873 7891
00 63 2 766 7945
00 63 2 751 8259
00 63 2 880 7452
00 63 2 727 8327
00 63 2 871 7376
00 63 2 946 8280
00 63 2 808 7406
00 63 2 774 7308
00 63 2 915 8229
00 63 2 669 7598
00 63 2 948 7533
00 63 2 936 8337
00 63 2 820 8004
00 63 2 781 7713
00 63 2 911 7331
00 63 2 821 8913
00 63 2 820 8201
00 63 2 890 8125
00 63 2 929 8301
00 63 2 665 8536
00 63 2 837 8320
00 63 2 919 8333
00 63 2 925 7943
00 63 2 702 8705
00 63 2 793 7860
00 63 2 789 7838
00 63 2 821 7757
00 63 2 855 8921
00 63 2 922 8322
00 63 2 734 8141
00 63 2 852 7243
00 63 2 730 8684
00 63 2 834 7207
00 63 2 690 7186
00 63 2 871 8373
00 63 2 743 8934
00 63 2 657 7267
00 63 2 837 7209
00 63 2 675 7532
00 63 2 845 7449
00 63 2 720 8106
00 63 2 796 8091
00 63 2 741 8926
00 63 2 877 8573
00 63 2 848 8930
00 63 2 802 7333
00 63 2 678 8055
00 63 2 759 7807
00 63 2 652 7238
00 63 2 776 8434
00 63 2 720 8418
00 63 2 727 8650
00 63 2 678 8531
00 63 2 953 8894
00 63 2 789 7515
00 63 2 702 8603
00 63 2 848 8307
00 63 2 942 8214
00 63 2 806 8846
00 63 2 919 7165
00 63 2 771 8069
00 63 2 664 7893
00 63 2 694 7912
00 63 2 674 7836
00 63 2 682 7314
00 63 2 667 7432
00 63 2 687 8212
00 63 2 828 8117
00 63 2 815 7544
00 63 2 873 8330
00 63 2 706 7247
00 63 2 676 7507
00 63 2 780 8259
00 63 2 891 8087
00 63 2 675 8516
00 63 2 766 7507
00 63 2 811 8957
00 63 2 643 8204
00 63 2 827 7520
00 63 2 707 7616
00 63 2 830 7140
00 63 2 675 8180
00 63 2 771 7757
00 63 2 733 7334
00 63 2 758 8308
00 63 2 911 7515
00 63 2 742 8730
00 63 2 767 8162
00 63 2 830 7960
00 63 2 645 7710
00 63 2 661 7936
00 63 2 730 7599
00 63 2 655 7596
00 63 2 739 8264
00 63 2 764 8877
00 63 2 857 7145
00 63 2 782 8717
00 63 2 801 8678
00 63 2 659 7052
00 63 2 756 8301
00 63 2 817 8822
00 63 2 753 8451
00 63 2 894 7962
00 63 2 663 8566
00 63 2 684 7411
00 63 2 829 7083
00 63 2 765 7106
00 63 2 812 7440
00 63 2 930 7985
00 63 2 952 8075
00 63 2 819 7984
00 63 2 811 8424
00 63 2 851 8043
00 63 2 731 8926
00 63 2 665 8097
00 63 2 897 7018
00 63 2 681 7085
00 63 2 712 7136
00 63 2 851 8944
00 63 2 676 8720
00 63 2 656 8612
00 63 2 818 8206
00 63 2 673 8026
00 63 2 698 7032
00 63 2 696 8123
00 63 2 657 7635
00 63 2 678 8842
00 63 2 883 7454
00 63 2 725 7119
00 63 2 778 8924
00 63 2 788 8892
00 63 2 841 7484
00 63 2 663 7099
00 63 2 756 8777
00 63 2 698 7909
00 63 2 890 8727
00 63 2 820 8131
00 63 2 791 8456
00 63 2 899 8975
00 63 2 645 7399
00 63 2 731 7377
00 63 2 794 7994
00 63 2 892 7275
00 63 2 798 7680
00 63 2 864 7607
00 63 2 687 8892
00 63 2 912 8310
00 63 2 646 7070
00 63 2 829 8321
00 63 2 705 8650
00 63 2 880 7579
00 63 2 737 7069
00 63 2 860 7020
00 63 2 770 8766
00 63 2 719 8582
00 63 2 677 7178
00 63 2 878 7203
00 63 2 802 8742
00 63 2 663 8820
00 63 2 704 8896
00 63 2 807 8370
00 63 2 725 8078
00 63 2 947 7792
00 63 2 738 7724
00 63 2 879 8022
00 63 2 772 8273
00 63 2 866 8999
00 63 2 701 7161
00 63 2 704 7658
00 63 2 866 8827
00 63 2 656 7940
00 63 2 828 8707
00 63 2 830 8779
00 63 2 928 7240
00 63 2 864 8115
00 63 2 727 7863
00 63 2 866 8884
00 63 2 880 7013
00 63 2 786 7024
00 63 2 947 8128
00 63 2 733 7473
00 63 2 644 7646
00 63 2 657 8169
00 63 2 782 7003
00 63 2 666 8047
00 63 2 767 8637
00 63 2 711 7047
00 63 2 782 7987
00 63 2 900 8105
00 63 2 858 7488
00 63 2 870 7160
00 63 2 867 8580
00 63 2 730 7148
00 63 2 839 7699
00 63 2 743 8007
00 63 2 647 8283
00 63 2 705 8675
00 63 2 945 8769
00 63 2 878 7088
00 63 2 668 8595
00 63 2 745 8186
00 63 2 785 8198
00 63 2 883 7904
00 63 2 854 7016
00 63 2 774 7181
00 63 2 905 7486
00 63 2 680 7955
00 63 2 812 7047
00 63 2 711 7161
00 63 2 916 8134
00 63 2 818 8739
00 63 2 777 8187
00 63 2 794 7626
00 63 2 738 7642
00 63 2 903 7758
00 63 2 672 7936
00 63 2 942 8075
00 63 2 920 7508
00 63 2 860 8512
00 63 2 730 7795
00 63 2 765 8008
00 63 2 757 7235
00 63 2 921 8500
00 63 2 874 7264
00 63 2 810 8925
00 63 2 797 8320
00 63 2 696 7222
00 63 2 712 7841
00 63 2 687 8327
00 63 2 649 8265
00 63 2 733 8178
00 63 2 792 7028
00 63 2 943 7713
00 63 2 860 8569
00 63 2 954 8869
00 63 2 724 8325
00 63 2 873 8584
00 63 2 726 8733
00 63 2 653 8794
00 63 2 740 7230
00 63 2 713 8439
00 63 2 796 8256
00 63 2 692 7454
00 63 2 764 7246
00 63 2 698 8778
00 63 2 677 8638
00 63 2 680 8348
00 63 2 718 7870
00 63 2 748 7102
00 63 2 917 7380
00 63 2 852 8977
00 63 2 835 8604
00 63 2 786 8910
00 63 2 813 7981
00 63 2 815 8839
00 63 2 724 8947
00 63 2 734 7702
00 63 2 911 7941
00 63 2 806 7437
00 63 2 934 8400
00 63 2 826 8979
00 63 2 822 8761
00 63 2 745 8268
00 63 2 760 8462
00 63 2 671 8241
00 63 2 779 7940
00 63 2 867 8834
00 63 2 750 8633
00 63 2 816 8986
00 63 2 704 8979
00 63 2 782 8634
00 63 2 825 8414
00 63 2 872 8716
00 63 2 832 7377
00 63 2 724 7169
00 63 2 908 7304
00 63 2 758 8930
00 63 2 771 8634
00 63 2 927 7938
00 63 2 920 8804
00 63 2 711 7129
00 63 2 757 8251
00 63 2 687 8441
00 63 2 783 8413
00 63 2 651 8812
00 63 2 712 7727
00 63 2 866 8179
00 63 2 731 7631
00 63 2 814 7480
00 63 2 869 8562
00 63 2 759 8651
00 63 2 686 7958
00 63 2 808 8632
00 63 2 838 8257
00 63 2 913 7358
00 63 2 884 8895
00 63 2 868 7768
00 63 2 854 8311
00 63 2 938 7799
00 63 2 933 7942
00 63 2 916 8388
00 63 2 837 8225
00 63 2 754 7474
00 63 2 754 8598
00 63 2 873 7993
00 63 2 711 7498
00 63 2 911 7884
00 63 2 895 8363
00 63 2 662 8083
00 63 2 710 7630
00 63 2 704 8528
00 63 2 653 8737
00 63 2 830 8157
00 63 2 754 8122
00 63 2 679 8906
00 63 2 887 7221
00 63 2 672 7715
00 63 2 767 8473
00 63 2 760 8519
00 63 2 894 7314
00 63 2 737 8257
00 63 2 670 8183
00 63 2 868 8866
00 63 2 908 8517
00 63 2 947 7284
00 63 2 698 8753
00 63 2 925 7448
00 63 2 852 8329
00 63 2 909 8295
00 63 2 772 7682
00 63 2 851 7764
00 63 2 646 8250
00 63 2 859 8791
00 63 2 815 8471
00 63 2 883 7314
00 63 2 839 7781
00 63 2 719 8271
00 63 2 747 8619
00 63 2 942 7599
00 63 2 726 8421
00 63 2 723 8235
00 63 2 804 7626
00 63 2 950 8118
00 63 2 855 7671
00 63 2 793 8184
00 63 2 908 8993
00 63 2 828 8371
00 63 2 835 7030
00 63 2 850 7617
00 63 2 667 8219
00 63 2 811 7859
00 63 2 901 7998
00 63 2 818 8034
00 63 2 941 8804
00 63 2 821 8081
00 63 2 661 8076
00 63 2 929 8936
00 63 2 715 8249
00 63 2 780 8538
00 63 2 663 8763
00 63 2 794 7823
00 63 2 848 8053
00 63 2 922 8729
00 63 2 829 7559
00 63 2 646 8193
00 63 2 949 7717
00 63 2 856 8154
00 63 2 767 7965
00 63 2 721 7548
00 63 2 940 8740
00 63 2 817 8314
00 63 2 713 7480
00 63 2 940 7388
00 63 2 743 8622
00 63 2 727 8708
00 63 2 901 7604
00 63 2 912 7211
00 63 2 905 8864
00 63 2 820 8836
00 63 2 940 7838
00 63 2 872 8519
00 63 2 722 8965
00 63 2 705 8199
00 63 2 751 7682
