0911 94 39 30
02572 91 23 46
06556 57 91 07
09093 44 29 22
0221 45 03 25
05704 30 80 35
05345 36 48 27
05529 48 90 84
04107 29 64 33
030 41 36 29
06853 41 44 66
08341 25 45 14
06359 55 49 02
06747 18 50 29
0651 21 40 03
06211 43 17 17
03338 79 26 76
0385 43 00 65
06021 80 71 01
0341 28 75 40
02674 49 59 40
0421 47 31 62
0821 53 99 79
09382 34 48 87
02692 75 30 48
05401 17 99 31
034465 66 20
0841 81 01 52
06661 19 72 07
040 36 94 85
06331 81 78 98
08543 47 82 41
05221 37 18 16
0331 57 19 96
0651 86 25 21
06358 30 25 93
09721 60 93 13
0211 96 53 12
037467 64 30
05121 36 03 32
08332 96 52 86
04202 76 67 23
036254 47 78
0906 28 21 69
0381 23 69 83
0421 48 76 30
02834 44 79 39
0551 78 96 13
09944 65 17 14
07363 94 54 92
08031 12 46 33
09621 19 56 63
0201 70 19 07
06656 68 64 67
08621 10 78 47
07042 95 13 03
02454 14 03 93
09331 52 31 83
08382 90 23 83
04682 52 60 22
0721 29 32 95
09405 64 25 36
05329 61 35 15
03644 92 11 56
03925 22 06 10
08433 70 20 73
04103 63 64 86
06221 39 52 08
0931 19 96 77
06093 71 28 73
09732 76 42 88
0941 85 12 73
0521 62 95 65
04131 28 53 17
06556 58 90 13
02324 48 68 07
06211 32 50 87
0381 41 75 90
08702 12 28 48
0821 25 16 48
04247 11 89 35
08857 29 49 25
05183 51 96 65
02238 65 10 61
0851 98 84 20
08271 54 87 58
09978 19 57 12
08321 44 25 59
09937 46 74 95
05552 91 25 27
05271 80 25 37
09545 81 91 89
0831 42 10 74
02630 92 94 56
0821 73 63 47
06783 14 92 96
03641 40 45 68
07777 35 17 32
02602 51 04 27
09281 35 76 39
089 27 05 39
04821 59 03 77
07621 46 81 90
04331 68 65 60
09131 23 70 91
07181 83 95 74
08443 26 76 11
089 37 00 97
09621 93 59 34
06221 50 38 95
07142 90 49 17
023 67 13 27
0431 32 76 56
04101 78 03 92
08321 16 72 58
09357 38 54 63
06249 74 25 24
02224 84 12 24
06373 35 27 07
08331 13 64 63
089 10 75 94
09571 26 51 81
0421 68 54 62
04172 30 78 03
08165 30 38 06
06432 57 30 14
09384 91 55 80
09471 51 05 49
05426 25 40 97
06841 26 17 58
05462 95 49 67
06021 37 06 56
07222 85 26 44
06351 29 03 18
08507 26 77 80
06821 44 49 38
07571 65 72 13
0961 21 06 79
0211 25 26 40
06051 94 60 23
0383 78 38 24
07803 70 43 99
06838 60 81 89
02623 18 48 04
06272 41 23 55
08151 77 35 43
02502 38 92 80
03571 87 60 58
09281 17 85 58
07622 17 92 10
040 61 49 48
05064 10 58 64
08651 55 47 24
05064 46 47 24
07631 16 39 38
05171 48 02 30
0651 72 66 78
07304 27 82 66
09604 67 93 68
06328 35 11 73
03541 96 16 38
036926 97 72
05651 63 73 58
04282 33 79 83
08031 44 94 17
02202 76 01 86
08363 16 30 67
02389 15 57 95
0721 78 86 75
0911 13 02 79
02664 89 70 64
06174 13 00 06
06224 20 96 01
02622 40 03 55
08368 36 08 77
03574 69 60 39
02734 69 06 84
0681 53 51 27
09561 88 48 83
03493 19 31 32
08171 20 10 34
08702 28 16 80
09738 85 76 47
04523 56 33 39
08640 54 48 08
033209 48 85
0651 30 85 59
0911 77 18 20
039032 56 62
07231 45 48 07
07303 57 01 76
030 13 93 73
07072 54 64 14
04551 61 12 27
08022 37 47 45
03522 81 13 62
037437 56 43
06130 28 65 97
05624 89 81 13
0911 37 36 62
07175 89 16 52
04821 22 99 34
030 27 78 95
0821 54 42 15
040 78 41 68
05608 66 82 09
02776 57 17 17
0481 75 70 13
06432 79 93 22
03641 91 58 58
09561 98 51 83
040 70 18 55
0231 95 80 75
036374 60 40
0931 86 26 66
07023 96 14 31
06569 98 33 59
030 89 10 42
040 53 15 45
08544 83 43 30
05502 64 85 63
0203 77 62 55
06772 74 43 03
09469 67 81 94
02273 63 64 51
04465 66 06 72
06486 65 34 92
06351 29 11 01
0911 26 80 74
02632 43 26 60
02682 36 99 93
036375 13 83
035755 71 72
07346 63 72 93
07541 18 75 27
02843 47 88 20
0361 37 87 15
08561 39 40 75
0211 96 53 12
06571 45 24 35
05121 15 99 88
03741 91 84 82
03671 50 11 08
0341 76 75 00
02604 55 29 09
09658 21 11 37
02381 26 91 90
06575 45 49 27
08273 23 56 77
04846 50 81 59
034772 97 20
037465 24 05
06031 31 58 40
06263 79 75 65
09204 90 10 79
0421 70 04 87
08237 38 25 78
08581 93 75 79
02651 63 89 46
05723 53 96 84
08028 51 97 79
04502 29 69 68
089 12 32 49
09847 14 75 45
09191 34 23 21
08464 65 87 42
06858 62 37 61
09651 52 88 78
0371 48 42 04
04329 22 95 58
06130 90 71 79
06131 95 33 67
08456 85 82 84
06821 49 08 44
09469 50 87 15
0721 45 86 20
07272 45 33 33
06564 59 20 57
09089 59 18 71
08039 19 38 75
05182 19 90 30
0231 30 25 41
04101 72 33 29
02293 97 97 27
05704 85 52 69
01805 38 45 14
05264 86 89 14
09543 63 92 84
09561 25 02 11
09126 35 17 15
09635 30 37 29
06131 28 37 85
02454 14 03 93
030 62 59 54
06556 43 32 35
0711 50 20 30
04802 34 71 45
09128 62 43 80
034635 48 77
0821 61 11 19
053 91 57 05
04532 83 31 87
08638 60 65 19
0385 32 84 19
02235 74 34 25
04893 14 23 63
06361 91 45 64
0921 25 53 96
03491 67 91 83
038482 61 92
08561 95 37 73
02605 61 18 31
06432 78 71 82
03525 19 26 66
06068 24 45 25
05502 25 00 79
0711 97 59 95
0203 75 34 80
02678 44 48 18
0371 56 40 86
09251 42 50 96
06352 81 45 39
06249 19 62 22
09181 93 81 40
03329 18 85 65
08441 98 11 68
06432 83 50 34
08074 15 13 02
09946 38 89 45
09201 89 43 23
05438 87 81 83
0721 95 37 80
0911 22 65 05
09321 30 09 33
06542 34 11 82
03672 77 47 84
02193 96 38 83
09078 12 74 74
0361 40 36 31
02692 41 83 33
09875 76 01 48
0201 84 74 76
02653 44 73 76
07308 88 37 88
09131 23 70 91
04121 66 47 00
0371 48 42 04
02645 91 57 39
0721 78 86 75
04822 44 87 36
06706 76 77 77
04283 62 37 99
06503 79 11 65
03445 19 98 26
06835 16 00 05
04124 14 10 24
089 68 57 67
05231 93 16 63
07158 11 12 01
0208 55 17 26
08501 15 39 79
06268 89 49 02
09803 40 02 84
0355 77 13 19
07141 31 41 66
02663 47 80 93
09141 71 78 09
0821 88 23 53
033839 88 47
09841 91 95 25
0671 70 38 36
0203 67 66 10
05203 74 50 14
08623 55 46 57
0331 51 09 50
02682 45 77 76
09391 53 17 62
04871 64 48 78
06223 88 09 19
04552 80 61 07
0261 36 47 74
02681 97 83 74
0941 25 55 93
05825 71 53 05
08544 27 10 74
04823 32 32 41
09209 85 85 59
06556 72 32 14
0391 93 17 40
04282 33 79 83
06724 96 83 32
03375 80 48 46
08543 31 89 85
04931 18 43 26
08171 84 05 04
04365 20 05 44
02602 38 26 76
