00 36 1 293 4636
00 36 1 327 4728
00 36 1 432 5626
00 36 1 418 4918
00 36 1 289 4514
00 36 1 378 4314
00 36 1 413 5618
00 36 1 359 4800
00 36 1 377 4498
00 36 1 422 5343
00 36 1 376 5473
00 36 1 361 5883
00 36 1 337 4102
00 36 1 415 5385
00 36 1 276 4705
00 36 1 378 5734
00 36 1 301 4786
00 36 1 311 5897
00 36 1 426 4773
00 36 1 365 5813
00 36 1 402 4117
00 36 1 423 4449
00 36 1 423 5190
00 36 1 279 5634
00 36 1 418 5500
00 36 1 350 4444
00 36 1 403 5471
00 36 1 431 4710
00 36 1 305 4557
00 36 1 404 5398
00 36 1 320 5128
00 36 1 420 4501
00 36 1 375 4693
00 36 1 362 4877
00 36 1 308 5622
00 36 1 380 4519
00 36 1 404 5422
00 36 1 357 4340
00 36 1 322 4519
00 36 1 444 4279
00 36 1 348 4312
00 36 1 345 5248
00 36 1 319 5226
00 36 1 390 5240
00 36 1 341 4768
00 36 1 282 5168
00 36 1 430 5309
00 36 1 351 4970
00 36 1 338 4357
00 36 1 301 5559
00 36 1 435 4282
00 36 1 283 4928
00 36 1 294 4539
00 36 1 358 5935
00 36 1 288 5551
00 36 1 319 4627
00 36 1 344 4827
00 36 1 407 5809
00 36 1 301 4737
00 36 1 415 5527
00 36 1 443 4735
00 36 1 405 4695
00 36 1 430 5246
00 36 1 349 5196
00 36 1 367 5723
00 36 1 307 5998
00 36 1 273 4645
00 36 1 431 5093
00 36 1 430 5358
00 36 1 425 5340
00 36 1 321 4394
00 36 1 439 4732
00 36 1 407 5099
00 36 1 358 4180
00 36 1 350 5952
00 36 1 330 5571
00 36 1 434 4460
00 36 1 417 5924
00 36 1 317 4940
00 36 1 413 5179
00 36 1 286 4900
00 36 1 380 4248
00 36 1 356 4765
00 36 1 290 5015
00 36 1 276 5933
00 36 1 381 4502
00 36 1 420 4939
00 36 1 270 4593
00 36 1 359 5127
00 36 1 375 4254
00 36 1 288 4977
00 36 1 311 5372
00 36 1 313 5887
00 36 1 317 4965
00 36 1 272 4391
00 36 1 366 4919
00 36 1 271 5780
00 36 1 342 4200
00 36 1 327 4641
00 36 1 393 4694
00 36 1 367 4320
00 36 1 330 4219
00 36 1 425 4969
00 36 1 304 4172
00 36 1 281 5772
00 36 1 352 5626
00 36 1 331 4640
00 36 1 336 4386
00 36 1 392 4675
00 36 1 384 5012
00 36 1 370 4113
00 36 1 357 5254
00 36 1 436 4110
00 36 1 381 5781
00 36 1 318 4848
00 36 1 320 4343
00 36 1 367 5537
00 36 1 299 5501
00 36 1 309 4412
00 36 1 359 5059
00 36 1 318 4577
00 36 1 271 5632
00 36 1 299 4266
00 36 1 431 4970
00 36 1 424 4635
00 36 1 431 5687
00 36 1 421 5867
00 36 1 312 5533
00 36 1 284 5225
00 36 1 378 5179
00 36 1 275 4839
00 36 1 314 4319
00 36 1 387 5862
00 36 1 424 5568
00 36 1 349 4585
