00 91 11-2391 3270
00 91 11-2668 2829
00 91 11-2964 3433
00 91 11-2708 4755
00 91 11-2017 4339
00 91 11-3197 4610
00 91 11-2239 3862
00 91 11-2323 3269
00 91 11-3316 1877
00 91 11-3273 3608
00 91 11-3936 4260
00 91 11-2234 2502
00 91 11-3787 2884
00 91 11-2395 2826
00 91 11-3555 3626
00 91 11-3943 1454
00 91 11-2928 2359
00 91 11-2064 1262
00 91 11-2595 4961
00 91 11-2948 3125
00 91 11-2242 3304
00 91 11-3782 1918
00 91 11-2557 3264
00 91 11-2750 2515
00 91 11-3228 4717
00 91 11-3044 3792
00 91 11-2942 1536
00 91 11-2850 2623
00 91 11-3386 1598
00 91 11-3355 1884
00 91 11-3248 2778
00 91 11-2746 2450
00 91 11-2215 4950
00 91 11-2211 3196
00 91 11-2976 1988
00 91 11-3939 4997
00 91 11-3217 1768
00 91 11-3115 2726
00 91 11-3626 2166
00 91 11-3929 1261
00 91 11-3891 3057
00 91 11-3566 3476
00 91 11-2697 2314
00 91 11-2215 2244
00 91 11-3736 3814
00 91 11-3063 4444
00 91 11-3692 1430
00 91 11-2298 2947
00 91 11-2252 3039
00 91 11-3108 4630
00 91 11-2106 2515
00 91 11-3679 2367
00 91 11-2941 3734
00 91 11-3199 3035
00 91 11-3444 4569
00 91 11-3857 3507
00 91 11-3302 4897
00 91 11-2837 2659
00 91 11-3203 2591
00 91 11-2330 1365
00 91 11-2835 1528
00 91 11-3523 2502
00 91 11-2884 3583
00 91 11-2601 2943
00 91 11-3040 4629
00 91 11-2754 1563
00 91 11-3988 2542
00 91 11-2169 3239
00 91 11-3416 1198
00 91 11-2033 2844
00 91 11-2012 2471
00 91 11-2534 1253
00 91 11-3465 2236
00 91 11-2859 1342
00 91 11-2459 2369
00 91 11-3196 3987
00 91 11-2684 2743
00 91 11-2731 4061
00 91 11-2828 1235
00 91 11-3654 2439
00 91 11-2576 1719
00 91 11-3151 1997
00 91 11-2618 2070
00 91 11-3410 3610
00 91 11-2640 2163
00 91 11-3617 2152
00 91 11-3331 3874
00 91 11-3962 2499
00 91 11-2376 3076
00 91 11-3631 3526
00 91 11-2465 1646
00 91 11-2811 2108
00 91 11-3284 3458
00 91 11-2690 1119
00 91 11-3522 2387
00 91 11-3457 1435
00 91 11-2864 2309
00 91 11-2297 1930
00 91 11-4000 1097
00 91 11-3400 3481
00 91 11-2615 2628
00 91 11-2173 1500
00 91 11-2778 1377
00 91 11-2924 2409
00 91 11-2480 3643
00 91 11-3500 4999
00 91 11-3725 2275
00 91 11-2086 2143
00 91 11-2200 1149
00 91 11-3872 4717
00 91 11-2593 2141
00 91 11-3045 1595
00 91 11-2592 1125
00 91 11-2791 3653
00 91 11-2884 3976
00 91 11-3300 3766
00 91 11-3156 2569
00 91 11-3758 4809
00 91 11-2096 2780
00 91 11-2352 3656
00 91 11-3392 4483
00 91 11-2271 3183
00 91 11-3731 1552
00 91 11-3702 4264
00 91 11-2800 1864
00 91 11-3831 1775
00 91 11-3287 3294
00 91 11-2847 4592
00 91 11-2879 1715
00 91 11-3938 3587
00 91 11-2265 3004
00 91 11-3290 3637
00 91 11-3131 3034
00 91 11-2091 3617
00 91 11-2164 3682
00 91 11-2530 4402
00 91 11-3054 4823
00 91 11-3793 4867
00 91 11-2486 4330
00 91 11-2066 1885
00 91 11-2149 2079
00 91 11-2540 2334
00 91 11-2730 3946
00 91 11-3400 3087
00 91 11-3917 1805
00 91 11-3835 3020
00 91 11-2395 1531
00 91 11-2030 3008
00 91 11-3856 2999
00 91 11-3176 1925
00 91 11-2983 4085
00 91 11-3458 4648
00 91 11-3467 4663
00 91 11-2063 2049
00 91 11-3993 2607
00 91 11-3182 3006
00 91 11-2249 1794
00 91 11-3999 2392
00 91 11-2924 4099
00 91 11-2703 1083
00 91 11-3704 1394
00 91 11-2481 1954
00 91 11-3277 3558
00 91 11-3521 1879
00 91 11-3330 2464
00 91 11-3010 3734
00 91 11-2551 3987
00 91 11-3135 4394
00 91 11-2628 4002
00 91 11-3085 2733
00 91 11-2248 4385
00 91 11-3047 3627
00 91 11-3099 1008
00 91 11-2207 1951
00 91 11-3867 3751
00 91 11-2755 2579
00 91 11-2240 4485
00 91 11-3878 4388
00 91 11-2907 1085
00 91 11-3761 4251
00 91 11-3555 1428
00 91 11-3594 1042
00 91 11-2870 3389
00 91 11-3563 3640
00 91 11-2540 2842
00 91 11-2857 2917
00 91 11-3254 1661
00 91 11-3663 3749
00 91 11-2698 3724
00 91 11-3167 1009
00 91 11-3561 2903
00 91 11-3559 3576
00 91 11-3528 3074
00 91 11-2023 2321
00 91 11-3288 2113
00 91 11-2751 2121
00 91 11-2529 3894
00 91 11-2928 1851
00 91 11-3939 2291
00 91 11-2741 2386
00 91 11-3203 1181
00 91 11-3378 2600
00 91 11-3010 2439
00 91 11-3027 3370
00 91 11-3048 1938
00 91 11-2876 3568
00 91 11-2003 1555
00 91 11-3111 4072
00 91 11-3565 1164
00 91 11-2920 3755
00 91 11-2419 2640
00 91 11-2491 3493
00 91 11-2254 1858
00 91 11-3012 2160
00 91 11-3757 4694
00 91 11-2668 4633
00 91 11-2615 3022
00 91 11-2650 1784
00 91 11-3516 2716
00 91 11-3143 2490
00 91 11-2147 3654
00 91 11-3335 1626
00 91 11-3197 3708
00 91 11-3414 4068
00 91 11-2352 2754
00 91 11-2567 4689
00 91 11-2300 2668
00 91 11-2982 4364
00 91 11-2728 3323
00 91 11-3846 1968
00 91 11-2325 2596
00 91 11-3346 2378
00 91 11-2777 4362
00 91 11-2671 4468
00 91 11-2772 2494
00 91 11-2007 1111
00 91 11-3998 4869
00 91 11-2544 3185
00 91 11-3140 1360
00 91 11-2466 3564
00 91 11-3890 3844
00 91 11-2963 1121
00 91 11-2931 2195
00 91 11-2221 4735
00 91 11-3954 4289
00 91 11-3430 1277
00 91 11-3644 3999
00 91 11-2774 3625
00 91 11-3689 1201
00 91 11-3443 2651
00 91 11-2777 1771
00 91 11-3623 3233
00 91 11-2596 1583
00 91 11-2503 4244
00 91 11-3834 2512
00 91 11-2269 2560
00 91 11-2176 4434
00 91 11-2109 1055
00 91 11-2311 1222
00 91 11-2212 4606
00 91 11-3928 4753
00 91 11-3764 4086
00 91 11-3712 4901
00 91 11-2952 4371
00 91 11-3351 1541
00 91 11-2964 4335
00 91 11-3534 4549
00 91 11-3989 4854
00 91 11-3947 1798
00 91 11-3212 4803
00 91 11-3277 3165
00 91 11-2822 1056
00 91 11-3213 4524
00 91 11-2006 4490
00 91 11-2442 3750
00 91 11-2952 3977
00 91 11-2652 4718
00 91 11-2847 2394
00 91 11-2530 1303
00 91 11-3880 4617
00 91 11-3764 1381
00 91 11-3236 1518
00 91 11-3039 2826
00 91 11-3104 1975
00 91 11-2045 1512
00 91 11-2671 4862
00 91 11-3471 3317
00 91 11-2124 3052
00 91 11-3000 4114
00 91 11-2653 3423
00 91 11-3324 1777
00 91 11-2442 2848
00 91 11-2127 4183
00 91 11-2681 4203
00 91 11-2098 1205
00 91 11-3558 4363
00 91 11-2925 4721
00 91 11-2257 2202
00 91 11-3295 4604
00 91 11-2969 2596
00 91 11-2895 4728
00 91 11-2880 4420
00 91 11-2414 2969
00 91 11-2177 4549
00 91 11-3538 3203
00 91 11-2049 1856
00 91 11-2954 3304
00 91 11-2683 1219
00 91 11-2351 3148
00 91 11-3266 1511
00 91 11-2416 4608
00 91 11-3985 3609
00 91 11-2837 3561
00 91 11-2028 2385
00 91 11-2301 1880
00 91 11-3584 2717
00 91 11-2495 3443
00 91 11-3839 3479
00 91 11-2107 2121
00 91 11-2980 1544
00 91 11-2825 1793
00 91 11-2195 3790
00 91 11-3335 4332
00 91 11-3673 3090
00 91 11-3326 1612
00 91 11-2599 2320
00 91 11-3485 3511
00 91 11-3163 2355
00 91 11-3500 1900
00 91 11-2550 2069
00 91 11-2056 2658
00 91 11-2949 2338
00 91 11-2845 1657
00 91 11-3548 2037
00 91 11-2550 4774
00 91 11-2533 2040
00 91 11-2862 3883
00 91 11-3092 1223
00 91 11-2466 4859
00 91 11-3413 4462
00 91 11-3051 3577
00 91 11-2683 2629
00 91 11-3304 1912
00 91 11-3090 4601
00 91 11-2912 3741
00 91 11-3822 1252
00 91 11-2563 2935
00 91 11-3065 1459
00 91 11-3945 3372
00 91 11-2006 4096
00 91 11-3744 2926
00 91 11-2835 2036
00 91 11-3649 1472
00 91 11-2739 2157
00 91 11-2347 4887
00 91 11-3904 1332
00 91 11-3526 1042
00 91 11-3518 2437
00 91 11-3872 3815
00 91 11-3769 2347
00 91 11-3074 1080
00 91 11-3844 3937
00 91 11-3819 2712
00 91 11-3930 4081
00 91 11-3794 4587
00 91 11-3216 1654
00 91 11-3688 4579
00 91 11-3889 1532
00 91 11-3186 2563
00 91 11-3135 2591
00 91 11-2978 4414
00 91 11-3144 1703
00 91 11-2750 2007
00 91 11-3101 1746
00 91 11-3190 1217
00 91 11-3196 3593
00 91 11-3986 1920
00 91 11-2614 2120
00 91 11-3825 1990
00 91 11-3545 2201
00 91 11-2393 1301
00 91 11-3175 2713
00 91 11-2380 1731
00 91 11-3691 4529
00 91 11-3473 3153
00 91 11-2281 2524
00 91 11-2358 3441
00 91 11-3134 1574
00 91 11-2724 2472
00 91 11-3436 4555
00 91 11-3259 2120
00 91 11-3374 4340
00 91 11-3648 2260
00 91 11-2136 3804
00 91 11-2580 4768
00 91 11-3911 3823
00 91 11-3744 1516
00 91 11-3884 3271
00 91 11-3824 2383
00 91 11-2243 3025
00 91 11-2510 3242
00 91 11-2178 1958
00 91 11-2489 1968
00 91 11-3875 4946
00 91 11-3449 2437
00 91 11-2519 2863
00 91 11-2076 2522
00 91 11-2301 4586
00 91 11-2060 2100
00 91 11-2407 4988
00 91 11-2086 3045
00 91 11-3026 4944
00 91 11-3843 1231
00 91 11-3343 3330
00 91 11-2017 2536
00 91 11-3547 1020
00 91 11-2297 2832
00 91 11-2824 4892
00 91 11-3371 3996
00 91 11-3365 3817
00 91 11-2924 1901
00 91 11-2353 4672
00 91 11-3646 2424
00 91 11-3980 4332
00 91 11-3222 1439
00 91 11-3429 1670
00 91 11-2342 4822
00 91 11-2891 1564
00 91 11-2692 4447
00 91 11-3552 2889
00 91 11-2961 2188
00 91 11-3600 2517
00 91 11-2834 1922
00 91 11-2221 3325
00 91 11-3001 1523
00 91 11-3605 2188
00 91 11-3149 4867
00 91 11-2937 1980
00 91 11-3964 1826
00 91 11-2407 3578
00 91 11-3134 4280
00 91 11-3201 1854
00 91 11-3348 2099
00 91 11-3506 1686
00 91 11-2292 3161
00 91 11-2510 1947
00 91 11-2654 1340
00 91 11-2402 3513
00 91 11-2121 4512
00 91 11-2367 1258
00 91 11-3382 2550
00 91 11-2595 4059
00 91 11-2123 3331
00 91 11-2271 2789
00 91 11-3032 4730
00 91 11-3585 2323
00 91 11-3797 2619
00 91 11-3722 1538
00 91 11-3104 2877
00 91 11-2871 1307
00 91 11-2641 1376
00 91 11-2219 4506
00 91 11-3097 3993
00 91 11-3955 4009
00 91 11-2158 2602
00 91 11-3264 2692
00 91 11-2513 3078
00 91 11-2335 1430
00 91 11-3848 1296
00 91 11-2355 3098
00 91 11-2850 3132
00 91 11-3513 4570
00 91 11-3209 4459
00 91 11-2994 4722
00 91 11-3610 3154
00 91 11-2986 4428
00 91 11-3742 3091
00 91 11-2678 2564
00 91 11-2290 2145
00 91 11-2257 4006
00 91 11-2946 4192
00 91 11-2910 3626
00 91 11-2393 3105
00 91 11-2825 2301
00 91 11-2322 2761
00 91 11-3189 2906
00 91 11-3419 1033
00 91 11-2190 2316
00 91 11-3371 1799
00 91 11-3015 3405
00 91 11-2865 2931
00 91 11-3852 3049
00 91 11-3591 4306
00 91 11-3888 4123
00 91 11-2234 3798
00 91 11-3310 3501
00 91 11-2483 1281
00 91 11-3307 4060
00 91 11-3025 2632
00 91 11-2065 2672
00 91 11-3547 3726
00 91 11-2773 2215
00 91 11-2737 2436
00 91 11-3618 3562
00 91 11-2282 2639
00 91 11-3787 1588
00 91 11-2871 2208
00 91 11-3467 1170
00 91 11-2190 1020
00 91 11-3847 1181
00 91 11-2927 4950
00 91 11-3113 2497
00 91 11-2770 1871
00 91 11-2453 3993
00 91 11-2405 1659
00 91 11-2055 2543
00 91 11-3522 4191
00 91 11-3107 1023
00 91 11-2805 3339
00 91 11-3796 4308
00 91 11-3945 2979
00 91 11-3308 3272
00 91 11-3628 4986
00 91 11-3833 2791
00 91 11-3540 1235
00 91 11-2555 1740
00 91 11-2371 1602
00 91 11-3666 4994
00 91 11-3808 1961
00 91 11-2350 3427
00 91 11-2536 4187
00 91 11-2796 1914
00 91 11-2246 4156
00 91 11-2191 3332
00 91 11-3624 3741
