00 62 370 6138196
00 62 370 6138346
00 62 370 6138430
00 62 370 6138234
00 62 370 6138299
00 62 370 6138008
00 62 370 6138080
00 62 370 6138206
00 62 370 6138308
00 62 370 6138226
00 62 370 6138336
00 62 370 6138093
00 62 370 6138339
00 62 370 6138321
00 62 370 6138139
00 62 370 6138017
00 62 370 6138439
00 62 370 6138335
00 62 370 6138032
00 62 370 6138354
00 62 370 6138148
00 62 370 6138087
00 62 370 6138334
00 62 370 6138367
00 62 370 6138121
00 62 370 6138065
00 62 370 6138253
00 62 370 6138431
00 62 370 6138344
00 62 370 6138087
00 62 370 6138108
00 62 370 6138254
00 62 370 6138134
00 62 370 6138195
00 62 370 6138442
00 62 370 6138212
00 62 370 6138369
00 62 370 6138208
00 62 370 6138240
00 62 370 6138013
00 62 370 6138366
00 62 370 6138168
00 62 370 6138044
00 62 370 6138032
00 62 370 6138112
00 62 370 6138339
00 62 370 6138174
00 62 370 6138422
00 62 370 6138261
00 62 370 6138319
00 62 370 6138282
00 62 370 6138223
00 62 370 6138353
00 62 370 6138370
00 62 370 6138243
00 62 370 6138034
00 62 370 6138152
00 62 370 6138090
00 62 370 6138155
00 62 370 6138230
00 62 370 6138090
00 62 370 6138189
00 62 370 6138337
00 62 370 6138075
00 62 370 6138374
00 62 370 6138262
00 62 370 6138442
00 62 370 6138387
00 62 370 6138101
00 62 370 6138129
00 62 370 6138344
00 62 370 6138431
00 62 370 6138369
00 62 370 6138277
00 62 370 6138141
00 62 370 6138137
00 62 370 6138275
00 62 370 6138080
00 62 370 6138152
00 62 370 6138103
00 62 370 6138028
00 62 370 6138024
00 62 370 6138031
00 62 370 6138259
00 62 370 6138057
00 62 370 6138375
00 62 370 6138097
00 62 370 6138314
00 62 370 6138127
00 62 370 6138283
00 62 370 6138001
00 62 370 6138197
00 62 370 6138225
00 62 370 6138013
00 62 370 6138065
00 62 370 6138062
00 62 370 6138113
00 62 370 6138051
00 62 370 6138386
00 62 370 6138284
00 62 370 6138222
00 62 370 6138217
00 62 370 6138392
00 62 370 6138127
00 62 370 6138317
00 62 370 6138024
00 62 370 6138420
00 62 370 6138231
00 62 370 6138172
00 62 370 6138407
00 62 370 6138255
00 62 370 6138370
00 62 370 6138356
00 62 370 6138091
00 62 370 6138368
00 62 370 6138025
00 62 370 6138283
00 62 370 6138117
00 62 370 6138077
00 62 370 6138128
00 62 370 6138048
00 62 370 6138418
00 62 370 6138258
00 62 370 6138053
00 62 370 6138418
00 62 370 6138255
00 62 370 6138229
00 62 370 6138286
00 62 370 6138154
00 62 370 6138004
00 62 370 6138422
00 62 370 6138202
00 62 370 6138022
00 62 370 6138264
00 62 370 6138155
00 62 370 6138287
00 62 370 6138118
00 62 370 6138074
00 62 370 6138304
00 62 370 6138361
00 62 370 6138317
00 62 370 6138033
00 62 370 6138189
00 62 370 6138020
00 62 370 6138272
00 62 370 6138071
00 62 370 6138239
00 62 370 6138420
00 62 370 6138303
00 62 370 6138341
00 62 370 6138219
00 62 370 6138265
00 62 370 6138062
00 62 370 6138329
00 62 370 6138115