09121096586
09121433382
09121309498
09121901370
09121152130
09121392454
09121362572
09121741498
09122064296
09121960448
09121232890
09121728735
09122148692
09121112231
09121873890
09121406383
09121089142
09121482614
09121564162
09122004018
09121379931
09121771757
09121392762
09121940755
09121580699
09121241913
09121886652
09121321986
09121937359
09121965800
09121886515
09121939383
09122133734
09122081484
09121919313
09121649965
09121291556
09121413313
09121949915
09121121219
09121343017
09121471910
09121381098
09121582723
09121409848
09122081621
09121301916
09121453590
09121175871
09121380515
09121115147
09121963398
09122011188
09121441307
09121909844
09121531262
09121351250
09121526253
09121964599
09121386759
09121690345
09121459696
09121244280
09121073189
09121588109
09121628077
09121400036
09121820130
09121290458
09121855741
09121272549
09122046696
09121605400
09121404942
09121388783
09121858280
09121654665
09121224210
09121713606
09121922366
09121122077
09121699986
09121649794
09121220162
09121377736
09121532428
09121162217
09121543338
09122105465
09121107976
09121902022
09121873101
09121302808
09121375163
09121585707
09121752750
09122026146
09121596240
09121864421
09121287679
09121148837
09121595554
09121578846
09121911148
09121849017
09121171960
09121551434
09121653019
09121887853
09121821743
09121062210
09121515652
09121599533
09121661321
09121071405
09121744963
09121932590
09121779750
09121122317
09122024774
09122149276
09121579807
09121320339
09121476816
09122073937
09122150545
09121208772
09122033282
09122093012
09121770556
09122017192
09121691717
09122030846
09121528894
09122164714
09121260130
09121149694
09121952523
09121756730
09122108621
09121522273
09121882124
09121460725
09121672643
09121286650
09121844660
09121382093
09121322295
09121391356
09121805001
09121064132
09121865588
09121098645
09121165922
09121736420
09121300064
09121357048
09122140665
09121818072
09121557918
09121428820
09121883633
09121414479
09121760881
09121138304
09121483883
09121193128
09121592775
09121996127
09121468376
09121259409
09121299515
09121578263
09121801982
09121156624
09121689110
09121395336
09121887476
09122114351
09121883290
09121271692
09121689728
09121427516
09121565878
09121593770
09121735700
09121449884
09122106975
09121061730
09121990261
09121724756
09122066217
09121186197
09121856187
09121233336
09121689522
09121791518
09121298348
09121767297
09121784896
09122139944
09121967892
09121183659
09121474071
09122055822
09121581316
09121274093
09121565054
09121925591
09121789768
09122143992
09121179576
09121573597
09121433931
09121088284
09121125645
09121386278
09122164954
09121584918
09121649176
09121187981
09121699334
09122053009
09121309807
09121365145
09121688218
09121473762
09121477639
09121742115
09122096477
09121638850
09121836495
09121581145
09121202699
09121529478
09121508104
09121830765
09121220127
09121813131
09121300475
09121753231
09121551537
09121471018
09121459525
09121172886
09122161798
09121170622
09121669075
09121600357
09121329500
09122141522
09122175041
09121735803
09121267883
09121678646
09121537060
09121965662
09121379726
09122135759
09121125233
09122114282
09121629895
09121931972
09121747570
09121443915
09121421169
09121172680
09121401614
09122027278
09121842602
09121649554
09122019559
09122002440
09121172783
09121219613
09121598950
09121193745
09121624955
09121674529
09122071981
09121111819
09121477708
09121995510
09121436196
09121581007
09121820096
09121725853
09121623789
09121863563
09122054896
09122095139
09121756490
09121783833
09122146977
09121522479
09121518122
09121728255
09121499116
09121237453
09121154600
09121521175
09121200366
