0344 2949262
0328 9905611
0377 9808466
0377 4424680
0393 4651112
0316 5632519
0369 5243792
0391 0289845
0333 3809326
0324 9010039
0312 4712878
0330 2663444
0326 2229670
0338 4226589
0399 5268395
0366 3583027
0399 7935187
0315 0671616
0364 8666537
0340 1540636
0324 9131560
0361 4465615
0351 5265725
0373 9654107
0372 1336160
0394 1112949
0355 3059075
0343 3849385
0392 2208886
0371 7868746
0338 2337711
0313 2554328
0338 2129540
0382 0480731
0341 4865521
0331 3497283
0326 5829267
0325 9925917
0393 6421765
0340 4969839
0382 7729521
0377 2528929
0389 1219079
0390 6118234
0330 7737078
0358 1742541
0339 5829224
0316 9876330
0315 7141343
0343 9510347
0345 6623187
0330 4009918
0337 9034739
0372 1847633
0341 9772920
0379 8525312
0367 1606049
0330 6415153
0396 2140024
0325 9452364
0319 8042026
0366 6624150
0371 8965828
0384 5615247
0326 8329407
0334 2444673
0362 9624418
0375 1422157
0323 0377168
0341 3446761
0318 6451578
0382 5457347
0341 2930483
0369 9715639
0352 6572448
0318 7962577
0368 2978776
0353 6521962
0367 2149269
0331 1019525
0377 4800056
0328 1217285
0364 2327566
0398 7386625
0346 2004547
0383 2097303
0389 1714314
0372 4265142
0337 8157454
0364 2325019
0349 2811508
0326 1346904
0323 2932310
0322 8891019
0311 2578812
0341 6695428
0398 7972542
0371 7499319
0353 7225788
0322 1453051
0369 1229260
0337 7960073
0387 2485175
0357 6746881
0394 9611770
0317 7182133
0341 2349411
0360 9720159
0361 7701537
0371 2125881
0332 1338249
0318 3447671
0394 5779088
0371 0187490
0382 3977319
0336 2255201
0384 8598719
0310 4979171
0392 0877127
0355 0848136
0337 7335011
0340 4673514
0368 2492990
0374 9317016
0328 5068529
0326 5396501
0386 8280888
0366 4809886
0358 2948880
0316 3419864
0366 4084984
0383 5440296
0366 0741004
0344 4124070
0376 3194814
0314 8142744
0370 2424242
0350 1799455
0333 5915174
0348 3947311
0313 6001404
0372 3004883
0334 3519276
0397 7850255
0366 0985358
0381 2774341
0328 2587312
0350 4154556
0370 3460422
0373 8934959
0365 1203669
0381 8372294
0353 7145020
0347 6907204
0345 1634424
0373 2354433
0373 0147319
0390 4960940
0339 9413668
0348 6428930
0397 6962692
0310 8133554
0331 6602214
0336 3197429
0359 7644527
0324 6147594
0315 9974822
0342 4574088
0321 4076482
0381 1280162
0315 8536133
0397 4596032
0394 5182581
0396 0701315
0335 2367338
0316 9244312
0358 9159923
0311 0443599
0372 9761396
0339 3536339
0328 7707952
0391 0824418
0345 7974272
0374 4168488
0336 9065622
0315 2979651
0310 7096344
0312 2808932
0362 2107995
0364 5632533
0349 3062827
0326 5971450
0339 2313322
0345 7014388
0326 1158479
0398 1553962
0359 4477049
0310 8867535
0314 9750136
0389 4614085
0310 2272049
0358 9448175
0313 5555628
0336 1296236
0318 0328021
0319 8181254
0331 0734603
0391 9555341
0310 3887561
0318 8308354
0333 3165670
0315 5989442
0335 3813128
0389 5285923
0351 7906616
0327 4001629
0369 9524904
0352 6451604
0394 1021846
0327 2743564
0382 6750262
0389 9337645
0370 2551817
0384 5785120
0396 3172201
0375 1236824
0353 1245669
0379 3262397
0385 7295150
0385 2926571
0352 9341326
0320 8950686
0362 5170155
0341 5220986
0313 8057575
0322 3584011
0315 0815087
0356 1024172
0313 2700590
0331 8973995
0319 3968647
0369 8410526
0314 3617734
0387 4888579
0398 5009582
0372 2652689
0333 5545043
0354 8946759
0325 5462750
0342 4030791
0369 1435932
0395 2776784
0344 0963892
0367 1622872
0362 3848172
0387 9205315
0352 2809423
0349 5354640
0349 2856022
0358 7483791
0399 0816487
0384 2717900
0365 3976145
0321 2821708
0365 4632205
0346 2389078
0321 8275034
0379 1435294
0339 5992348
0345 2077412
0315 4955179
0363 2678096
0385 9953871
0369 5759078
0363 7218043
0356 2592851
0316 4234783
0389 0880195
0358 2772196
0349 9565133
0328 6502156
0339 9507675
0349 6858933
0324 4775999
0320 1037615
0377 5784138
0356 3093838
0347 5547899
0384 5517488
0311 5340759
0317 3951280
0351 1919978
0341 3025595
0367 7405157
0393 3788827
0340 9452600
0320 3401011
0383 2743576
0321 1336995
0323 7048882
0343 6933979
0398 0330308
0391 6307146
0376 4362073
0361 2784280
0358 0547678
0391 4846406
0376 1455266
0364 6298318
0348 5102410
0342 1790390
0316 0380537
0336 3721794
0353 9234145
0341 6787971
0381 3849233
0379 1783945
0355 6161091
0323 3976935
0390 4339597
0381 5211286
0318 6451578
0337 3516481
0319 7403017
0372 2937067
0332 4816050
0321 0124551
0332 2828880
0354 3119571
0335 4752246
0351 2482947
0324 8750603
0391 5414259
0388 7814234
0384 4382782
0353 5405625
0368 1337798
0361 5438733
0367 5445345
0366 0281082
0379 1021129
0347 4426634
0365 3852927
0390 7231165
0329 3761393
0358 1969243
0335 7815240
0385 1774553
0350 5607524
0353 0571837
0349 5344585
0346 3927635
0363 0949870
0342 2071077
0361 2444833
0378 9996852
0397 3080176
0394 6510017
0341 2841963
0395 2216523
0316 5195037
0367 3612945
0375 6344237
0390 4178566
0337 9852851
0394 9772741
0336 3581886
0385 6548158
0341 8265219
0367 8418829
0333 7640216
0350 1317475
0357 6306742
0318 6425693
0361 6275515
0359 0678223
0388 6185980
0391 6164906
0368 5556942
0331 2865405
0382 4424669
0346 6865943
0331 3907094
0366 8232297
0341 1163263
0343 5321458
0326 0432905
0349 3184458
0353 4595476
0318 7922601
0334 8163122
0376 0351094
0364 0184313
0396 1361034
0325 3265454
0320 6512141
0348 3582113
0315 0875990
0326 2408734
0329 7018437
0362 7051583
0374 6012060
0348 0784521
0397 5468087
0336 2222745
0332 8652152
0330 5390026
0363 4439589
0383 5633644
0372 2349776
0386 9997243
0338 4927444
0390 8697252
0388 7273845
0376 3085990
0369 6242491
0378 3816755
0392 3127277
0395 3252749
0364 5087164
0355 0215909
0358 2923616
0339 9090466
0368 6719808
0328 1853159
0370 9724689
0376 6084966
0358 6225383
0339 8532047
0328 6489615
0320 4872334
0314 8688884
0327 4114178
0339 3081681
0387 6065246
0372 1818402
0356 8967427
0342 9460547
0348 5741029
0340 3965445
0332 1493053
0358 0001500
0363 8061551
0390 3600986
0361 5423896
0365 5888303
0345 7608559
0353 7795203
0364 6993869
0385 7452706
0376 3083172
0388 4624185
0376 7160171
0350 9806857
0312 3555854
0377 2086378
0321 8334235
0384 1400915
0341 2738692
0351 8788262
0348 2049138
0395 4621075
0373 8094302
0322 7356239
0372 8885903
0319 5758542
0340 9900844
0395 2791374
0374 6340703
0359 6739628
0321 7733298
0316 4664113
0314 7273883
0323 6853225
0322 8837097
0390 3246640
0321 7199644
0371 2244445
0367 6782662
0378 3596141
0337 6071530
0321 9762576
0371 5632073
0325 2844536
0331 9254995
0387 1969254
0339 1863015
0389 1117998
0367 6287350
0379 4363930
0360 4815463
0340 7187642
0368 5015272
0329 8533893
0325 8120731
0381 6435915
0327 2582428
0326 8072456
0395 0582410
0377 4494231
0345 8360318
0339 9235419
0362 4195249
0359 3749656
0317 3439205
0341 6902104
0364 6096569
0329 1351225
