00 855 63 846 595
00 855 63 373 696
00 855 63 708 682
00 855 63 300 631
00 855 63 873 685
00 855 63 489 590
00 855 63 822 751
00 855 63 262 621
00 855 63 437 649
00 855 63 808 663
00 855 63 720 707
00 855 63 706 763
00 855 63 810 695
00 855 63 399 637
00 855 63 217 717
00 855 63 703 555
00 855 63 315 767
00 855 63 567 679
00 855 63 617 725
00 855 63 810 610
00 855 63 258 586
00 855 63 380 733
00 855 63 241 676
00 855 63 841 649
00 855 63 451 766
00 855 63 397 743
00 855 63 396 737
00 855 63 610 617
00 855 63 708 581
00 855 63 431 654
00 855 63 895 628
00 855 63 676 680
00 855 63 842 646
00 855 63 296 633
00 855 63 805 741
00 855 63 853 561
00 855 63 668 682
00 855 63 551 624
00 855 63 686 573
00 855 63 954 649
00 855 63 744 631
00 855 63 265 572
00 855 63 352 738
00 855 63 792 665
00 855 63 885 663
00 855 63 742 643
00 855 63 361 734
00 855 63 928 555
00 855 63 903 721
00 855 63 304 560
00 855 63 528 728
00 855 63 429 707
00 855 63 612 749
00 855 63 256 711
00 855 63 665 665
00 855 63 600 621
00 855 63 571 692
00 855 63 413 596
00 855 63 587 712
00 855 63 509 686
00 855 63 595 717
00 855 63 587 605
00 855 63 853 589
00 855 63 715 624
00 855 63 497 768
00 855 63 591 681
00 855 63 530 688
00 855 63 286 602
00 855 63 835 566
00 855 63 241 770
00 855 63 924 729
00 855 63 527 565
00 855 63 679 725
00 855 63 840 592
00 855 63 356 657
00 855 63 505 679
00 855 63 586 743
00 855 63 711 761
00 855 63 878 640
00 855 63 781 666
00 855 63 371 564
00 855 63 413 775
00 855 63 812 620
00 855 63 422 693
00 855 63 593 578
00 855 63 505 578
00 855 63 716 766
00 855 63 733 704
00 855 63 319 730
00 855 63 802 561
00 855 63 405 575
00 855 63 782 644
00 855 63 856 741
00 855 63 369 667
00 855 63 438 662
00 855 63 381 679
00 855 63 524 555
00 855 63 514 618
00 855 63 627 747
00 855 63 838 755
00 855 63 630 562
00 855 63 304 582
00 855 63 506 656
00 855 63 621 631
00 855 63 499 764
00 855 63 732 705
00 855 63 770 573
00 855 63 224 673
00 855 63 923 775
00 855 63 752 723
00 855 63 934 608
00 855 63 615 708
00 855 63 408 763
00 855 63 720 592
00 855 63 813 703
00 855 63 859 677
00 855 63 261 673
00 855 63 449 704
00 855 63 220 581
00 855 63 772 750
00 855 63 294 672
00 855 63 498 556
00 855 63 460 632
00 855 63 911 646
00 855 63 322 704
00 855 63 682 762
00 855 63 601 576
00 855 63 346 757
00 855 63 903 713
00 855 63 813 597
00 855 63 457 580
00 855 63 381 580
00 855 63 359 644
00 855 63 705 673
00 855 63 586 591
00 855 63 829 729
00 855 63 742 664
00 855 63 917 714
00 855 63 803 773
00 855 63 759 703
00 855 63 373 717
00 855 63 518 662
00 855 63 921 627
00 855 63 730 667
00 855 63 558 747
00 855 63 812 684
00 855 63 753 764
00 855 63 555 567
00 855 63 364 699
00 855 63 867 726
00 855 63 860 684
00 855 63 793 570
00 855 63 351 739
00 855 63 497 732
00 855 63 307 776
00 855 63 514 620
00 855 63 332 590
00 855 63 261 645
00 855 63 402 761
00 855 63 274 661
00 855 63 866 641
00 855 63 718 633
00 855 63 957 585
00 855 63 636 637
00 855 63 276 614
