00 254 20 16651163
00 254 20 9038655
00 254 20 12722765
00 254 20 14906139
00 254 20 10925230
00 254 20 9900132
00 254 20 27136532
00 254 20 4053957
00 254 20 7878096
00 254 20 3504499
00 254 20 23577990
00 254 20 4257911
00 254 20 12964770
00 254 20 10892506
00 254 20 26205040
00 254 20 5387269
00 254 20 19171670
00 254 20 15699124
00 254 20 21769801
00 254 20 9779891
00 254 20 7016618
00 254 20 14027919
00 254 20 9492985
00 254 20 7305046
00 254 20 19360403
00 254 20 14451047
00 254 20 26001086
00 254 20 25237780
00 254 20 11783663
00 254 20 13072074
00 254 20 20640443
00 254 20 3572991
00 254 20 27147186
00 254 20 18463158
00 254 20 5100363
00 254 20 19460097
00 254 20 21031609
00 254 20 26727862
00 254 20 3538745
00 254 20 12893995
00 254 20 11360535
00 254 20 21501160
00 254 20 2707709
00 254 20 11149731
00 254 20 3588973
00 254 20 23823801
00 254 20 26765153
00 254 20 4096575
00 254 20 15640525
00 254 20 17330756
00 254 20 12588825
00 254 20 19009572
00 254 20 3095830
00 254 20 23062778
00 254 20 9273811
00 254 20 20820806
00 254 20 8815675
00 254 20 24654837
00 254 20 3572230
00 254 20 11868137
00 254 20 13317885
00 254 20 18210498
00 254 20 19641982
00 254 20 6958019
00 254 20 9588874
00 254 20 12301920
00 254 20 19298000
00 254 20 8428315
00 254 20 3083654
00 254 20 3032665
00 254 20 26698183
00 254 20 6148291
00 254 20 11725825
00 254 20 23912079
00 254 20 3657465
00 254 20 2455810
00 254 20 16033213
00 254 20 21169354
00 254 20 24208117
00 254 20 12157325
00 254 20 8992233
00 254 20 3376647
00 254 20 25227887
00 254 20 12653512
00 254 20 20995080
00 254 20 16511896
00 254 20 5937488
00 254 20 18750824
00 254 20 20090985
00 254 20 19272886
00 254 20 2963412
00 254 20 7849938
00 254 20 11734958
00 254 20 7763181
00 254 20 15526372
00 254 20 19694492
00 254 20 13850600
00 254 20 15492126
00 254 20 5441301
00 254 20 6747977
00 254 20 6955736
00 254 20 13626099
00 254 20 21803286
00 254 20 8754033
00 254 20 8973968
00 254 20 10737257
00 254 20 26427259
00 254 20 3113334
00 254 20 25360305
00 254 20 2929166
