0149162046
0143610660
01418935219
0196319959
0126337568
0114700561
0119110635
01973956973
01206875036
01446452619
0101423094
0176378629
01197686030
01126719347
01994138508
0139266685
0127642662
0106124857
0136652607
01841451414
0113921082
0171304918
0102735401
0168546225
0154291725
01130942173
01557610585
01412369859
0174368858
0144558168
01035532202
01822186665
01486351364
0186814373
0122382900
01379827948
0171585213
0160335601
01684161966
01757586058
01015523787
01695920344
0134863873
0100113658
01542849244
01687437200
0130376659
01120538427
0199382404
0141939983
0165721210
01495847007
01071231950
0102752352
0154609297
0152481852
01800805598
0176383296
0118470703
01860830877
0141945235
0169637021
0186683306
01662303052
0142565899
01690746117
01393685822
0164892595
0167006937
01997684927
0158050067
0193386868
01529230148
0170654340
0152003394
0173709976
01217914160
01891545418
01653552323
01299058752
01636013725
01698670619
01160024168
01225627941
01164654050
01894552250
01162284985
01757173590
01126408389
01622390096
01546309970
0121694694
01483503638
01930816129
0111959118
01736303230
0151361929
01379829761
0187015282
0117975091
0171238816
0170887694
0167666110
01076444254
01521415037
01640421135
01866456540
01315847611
01692814101
01686109888
01067537211
01274157881
0127504333
0177882350
0127380950
0193475156
01300270131
01540076484
01836491792
01776625063
01580422149
01728862392
01878311579
01703201789
01377231334
01782425763
01738796106
0108548175
01893216485
01598382313
01174053402
0103481570
01233965022
0130359230
01992955194
0148960838
01711297729
01502739402
01450044293
0122550483
01861301284
01464152839
01371372619
0146351063
01921011184
0102761318
0192747134
0144575004
0173143334
0178621718
01136635987
01638884191
01785597597
0139000763
01108071024
0101548131
01226247729
0127263333
0179983998
0108393888
01319732794
0109864780
0175114843
01439865572
0122555923
01795444124
0127185495
01679163917
01226183070
01721203753
01592261688
01357296637
0156171616
0199487808
0198553345
01038049914
01012459736
01534863662
0101722509
01847018994
0121531226