00 60 8-1339 1355
00 60 8-276 5952
00 60 1-1862 4722
00 60 5-1762 2107
00 60 9-233 5313
00 60 1-1151 6586
00 60 5-1201 4027
00 60 7-1524 4487
00 60 6-1328 3277
00 60 3-2215 6429
00 60 5-137 4774
00 60 9-682 4089
00 60 8-975 2542
00 60 2-310 1712
00 60 8-2013 2416
00 60 8-1410 5602
00 60 8-1648 5546
00 60 9-1815 1625
00 60 2-1502 3891
00 60 3-2284 4712
00 60 1-2223 5726
00 60 4-2302 6355
00 60 9-1680 1134
00 60 9-677 6108
00 60 8-373 5518
00 60 8-945 1087
00 60 3-2023 1085
00 60 7-2366 5475
00 60 8-2176 4362
00 60 9-523 4012
00 60 3-804 1681
00 60 3-2326 1503
00 60 1-505 4694
00 60 2-207 6316
00 60 1-2300 3859
00 60 5-1530 1879
00 60 4-1436 5951
00 60 2-375 2185
00 60 1-2385 5556
00 60 1-2155 5290
00 60 7-243 4572
00 60 4-201 6810
00 60 9-533 1710
00 60 8-375 1423
00 60 9-602 5994
00 60 4-2460 2374
00 60 3-2221 2258
00 60 5-765 6968
00 60 1-187 6654
00 60 5-1526 4068
00 60 1-2123 2139
00 60 9-1902 5609
00 60 8-274 5989
00 60 6-175 6079
00 60 5-914 5289
00 60 9-1157 2035
00 60 4-938 6438
00 60 9-2383 5594
00 60 6-469 6647
00 60 3-1909 3934
00 60 3-1053 1437
00 60 4-1322 2799
00 60 8-1463 4148
00 60 5-1531 3993
00 60 8-695 5426
00 60 9-969 6884
00 60 9-971 4732
00 60 8-998 3900
00 60 6-1138 5840
00 60 7-1700 6035
00 60 4-2068 6336
00 60 6-2486 2342
00 60 7-2458 5117
00 60 7-288 3440
00 60 3-1830 3895
00 60 1-2168 1007
00 60 8-1129 2694
00 60 9-1909 5287
00 60 7-930 1350
00 60 5-2221 4582
00 60 3-2028 1010
00 60 5-938 2762
00 60 8-1244 5637
00 60 1-1219 2755
00 60 5-1627 5503
00 60 3-149 2053
00 60 8-1047 2693
00 60 3-1338 6213
00 60 7-2403 6608
00 60 6-1119 6350
00 60 8-2215 5457
00 60 2-1152 4643
00 60 7-830 3764
00 60 1-1821 3836
00 60 2-621 5865
00 60 3-436 2733
00 60 4-1785 5408
00 60 2-1431 3702
00 60 6-542 4855
00 60 6-165 2172
00 60 6-1741 4978
00 60 5-324 6135
00 60 9-1648 5927
00 60 9-305 1406
00 60 9-149 5349
00 60 1-1294 2868
00 60 9-1940 2646
00 60 8-1274 6883
00 60 6-2305 2812
00 60 9-1117 5035
00 60 1-652 6902
00 60 5-1919 2222
00 60 2-1118 1529
00 60 5-803 6158
00 60 2-1160 2378
00 60 8-1115 4863
00 60 3-1764 1688
00 60 4-1028 4175
00 60 8-838 5766
00 60 7-1338 5241
00 60 4-1018 6477
00 60 3-1267 6024
00 60 1-661 6751
00 60 1-1463 2796
00 60 2-1654 4081
00 60 7-2196 3643
00 60 5-405 4021
00 60 9-1564 5964
00 60 8-448 3689
00 60 5-888 3969
00 60 1-1044 5264
00 60 9-516 2182
00 60 4-175 5489
00 60 2-420 4939
00 60 4-2354 3167
00 60 3-795 5889
00 60 9-2411 6668
00 60 5-265 1491
00 60 5-508 5418
00 60 6-1276 4521
00 60 3-328 1412
00 60 9-1100 3564
00 60 8-2483 4704
00 60 1-2034 6518
00 60 7-304 4911
00 60 5-2399 6093
00 60 4-2053 2712
00 60 4-1943 5314
00 60 1-313 5351
00 60 4-2437 1016
00 60 9-1394 4131
00 60 6-1078 3349
00 60 5-1930 5920
00 60 6-688 1271
00 60 3-1480 4648
00 60 4-715 6060
00 60 9-728 6806
00 60 7-229 4797
00 60 9-2086 2949
00 60 9-929 3883
00 60 6-685 5195
00 60 4-534 6530
00 60 2-1787 6724
00 60 9-594 2258
00 60 3-2176 1275
00 60 1-2279 4406
00 60 3-359 2657
00 60 5-2186 3621
00 60 2-1973 4236
00 60 8-136 5365
00 60 4-1176 4440
00 60 4-2179 1410
00 60 2-453 2261
00 60 9-1984 1343
00 60 9-1614 4757
00 60 6-648 4062
00 60 6-1591 4542
00 60 3-2496 5278
00 60 2-246 5297
00 60 8-1270 5015
00 60 1-962 5263
00 60 3-2346 3108
00 60 4-1649 4746
00 60 3-1718 6707
00 60 9-141 1613
00 60 9-1010 1770
00 60 8-1998 4794
00 60 5-867 2573
00 60 1-1903 5780
00 60 6-1563 5202
00 60 8-1066 4127
00 60 8-1193 1053
00 60 7-622 2951
00 60 1-1080 2340
00 60 5-2230 4432
00 60 8-1571 1584
00 60 5-1474 5313
00 60 9-237 3123
00 60 4-464 4398
00 60 6-2076 6604
00 60 8-1234 4054
00 60 1-908 2487
00 60 6-1544 5711
00 60 9-1581 3549
00 60 6-277 5361
00 60 7-1367 4372
00 60 5-444 1059
00 60 9-163 6857
00 60 8-178 6423
00 60 9-1091 3714
00 60 3-539 4130
00 60 2-1497 3966
00 60 5-1312 1425
00 60 1-754 4450
00 60 3-1605 1611
00 60 8-858 3313
00 60 8-452 5557
00 60 1-2231 1518
00 60 7-2216 1190
00 60 6-1920 4337
00 60 6-377 1004
00 60 3-1397 4856
00 60 1-2147 1554
00 60 6-2359 3473
00 60 2-258 2956
00 60 7-126 3400
00 60 3-2374 4391
00 60 6-1048 6161
00 60 2-473 5600
00 60 6-1496 1089
00 60 9-269 2388
00 60 6-465 2836
00 60 9-196 6123
00 60 1-178 4861
00 60 2-1612 3232
00 60 4-1884 4937
00 60 3-2202 4711
00 60 4-1651 6652
00 60 4-1374 5612
00 60 1-578 2902
00 60 5-865 4553
00 60 5-587 1399
00 60 7-532 5215
00 60 3-224 2167
00 60 4-1361 5838
00 60 7-2463 5042
00 60 5-1260 6727
00 60 3-897 5171
00 60 1-464 5750
00 60 1-1952 6516
00 60 1-2134 5837
00 60 5-1472 5351
00 60 5-951 4479
00 60 9-2131 3760
00 60 6-527 1232
00 60 3-2023 5143
00 60 9-1996 5213
00 60 2-2473 3711
00 60 4-2216 6601
00 60 3-1426 3987
00 60 2-1573 2137
00 60 3-1254 4306
00 60 9-2176 2628
00 60 5-2155 4318
00 60 4-1258 4441
00 60 1-350 6484
00 60 2-1380 3004
00 60 8-686 5576
00 60 4-1426 6311
00 60 9-434 2181
00 60 7-2005 6415
00 60 2-1893 4197
00 60 5-1251 4934
00 60 8-983 4335
00 60 5-225 2548
00 60 4-2252 5619
00 60 5-1110 6500
00 60 3-271 4884
00 60 2-615 2092
00 60 5-1838 6279
00 60 7-176 2193
00 60 9-172 4764
00 60 7-1752 6734
00 60 3-1925 5614
00 60 8-1225 4204
00 60 4-1364 1914
00 60 6-1007 3160
00 60 8-188 6063
00 60 2-1032 3718
00 60 5-919 3271
00 60 9-1759 5059
00 60 7-303 1062
00 60 5-2372 6925
00 60 7-1913 6774
00 60 3-1381 5119
00 60 3-2345 5051
00 60 2-2020 5009
00 60 8-1421 1356
00 60 5-848 5026
00 60 1-388 5465
00 60 8-350 4160
00 60 4-118 2960
00 60 4-2336 3467
00 60 2-1708 4742
00 60 9-1338 1565
00 60 2-2280 6521
00 60 7-2018 2132
00 60 3-379 2319
00 60 2-559 3411
00 60 6-1380 3975
00 60 2-2071 5708
00 60 7-1277 6636
00 60 7-1988 6887
00 60 7-1694 2262
00 60 7-1069 3880
00 60 9-877 5128
00 60 5-1200 6179
00 60 8-1498 5319
00 60 9-1188 1337
00 60 2-1653 6233
00 60 7-2169 4474
00 60 7-265 2082
00 60 8-1002 5768
00 60 2-2481 3389
00 60 3-471 1961
00 60 1-1071 2490
00 60 9-286 3859
00 60 8-1035 5033
00 60 4-2482 1827
00 60 6-992 1479
00 60 3-2416 3297
00 60 1-990 4603
00 60 7-1374 4260
00 60 7-702 2989
00 60 4-2366 2770
00 60 9-2423 4537
00 60 7-1125 6446
00 60 4-2076 1956
00 60 3-1111 3966
00 60 2-1807 4271
00 60 1-2109 2573
00 60 9-988 2317
00 60 5-826 5573
00 60 7-1617 6244
00 60 1-1100 1830
00 60 4-1715 5010
00 60 2-2488 3276
00 60 5-729 3891
00 60 5-874 4403
00 60 1-131 1973
00 60 6-1068 1765
00 60 5-1618 5653
00 60 7-605 1480
00 60 8-511 6143
00 60 1-2345 2727
00 60 4-758 4965
00 60 4-670 5249
00 60 3-1130 3457
00 60 9-1292 4849
00 60 4-624 4266
00 60 9-243 6896
00 60 2-1463 6853
00 60 4-1284 3818
00 60 1-2493 2992
00 60 9-2099 6610
00 60 8-2186 2268
00 60 8-2097 4323
00 60 7-1638 3582
00 60 8-611 1576
00 60 4-371 2641
00 60 3-2304 2050
00 60 8-1734 5472
00 60 4-957 3986
00 60 1-1497 5909
00 60 3-1682 1687
00 60 7-457 5101
00 60 8-2312 5024
00 60 8-236 1008
00 60 9-1205 4923
00 60 9-1482 1905
00 60 9-248 4878
00 60 2-2065 3877
00 60 7-649 4443
00 60 6-2483 4323
00 60 1-1142 6736
00 60 8-1657 3453
00 60 7-988 1936
00 60 5-2336 5792
00 60 9-569 4786
00 60 4-2089 3673
00 60 4-1997 2089
00 60 7-1114 2748
00 60 8-104 2214
00 60 6-434 5476
00 60 8-2252 6590
00 60 9-2496 6631
00 60 6-122 5209
00 60 9-2169 6799
00 60 6-1527 2125
00 60 3-1753 1876
00 60 4-2199 4958
00 60 3-1968 2577
00 60 6-797 2384
00 60 4-161 5923
00 60 1-1907 1647
00 60 2-505 2750
00 60 4-2238 6053
00 60 5-196 3208
00 60 9-823 4467
00 60 3-2058 2256
00 60 2-2024 2819
00 60 2-734 5169
00 60 7-1722 1602
00 60 2-2499 5032
00 60 3-2330 3371
00 60 6-1848 2242
00 60 8-1379 2242
00 60 7-1303 6014
00 60 7-1731 3395
00 60 5-2413 5868
00 60 8-168 6573
00 60 3-1547 3140
00 60 3-2403 1579
00 60 9-104 6481
00 60 2-2067 5783
00 60 9-305 3349
00 60 7-519 5612
00 60 6-997 3519
00 60 5-246 6059
00 60 8-652 4577
00 60 7-657 2178
00 60 7-367 5422
00 60 3-1085 4589
00 60 1-2064 1762
00 60 3-1390 4968
00 60 8-1889 5625
00 60 2-156 1560
00 60 1-414 4843
00 60 9-2493 6669
00 60 2-836 6566
00 60 4-1435 6161
00 60 5-2379 2754
00 60 7-141 2966
00 60 4-886 1682
00 60 9-496 6577
00 60 1-1432 5436
00 60 1-1310 4549
00 60 5-2113 5413
00 60 8-1316 5998
00 60 5-1850 1824
00 60 2-2174 1104
00 60 4-990 5194
00 60 1-1868 4610
00 60 2-1906 1857
00 60 4-108 3319
00 60 1-2395 3463
00 60 8-1328 5601
00 60 2-1076 6473
00 60 9-888 6883
00 60 3-399 5658
00 60 8-2472 3158
00 60 7-2437 1606
00 60 3-1888 4481
00 60 1-2283 2216
00 60 5-2072 6470
00 60 7-660 6199
00 60 4-1683 3802
00 60 2-2116 4576
00 60 6-505 3722
00 60 8-1223 6185
00 60 8-2449 3533
00 60 7-2377 3173
00 60 3-1747 4104
00 60 6-1199 2502
00 60 6-359 5363
00 60 4-1939 3446
00 60 5-1371 1801
00 60 8-1265 5090
00 60 3-2391 1976
00 60 3-877 1832
00 60 3-952 6004
00 60 1-895 2885
00 60 9-2317 1062
00 60 2-467 3770
00 60 7-867 4897
00 60 8-764 5824
00 60 9-2314 1309
00 60 1-784 5696
00 60 8-289 1669
00 60 2-347 2845
00 60 6-956 4404
00 60 7-702 1046
00 60 6-1996 2507
00 60 4-319 3886
00 60 2-418 3034
00 60 3-297 4261
00 60 2-358 4600
00 60 3-155 3884
00 60 8-1676 4886
00 60 4-843 2776
00 60 4-554 2134
00 60 5-531 6777
00 60 1-2104 2648
00 60 2-2417 5031
00 60 5-1758 4297
00 60 7-920 1500
00 60 9-277 4009
00 60 3-1491 4460
00 60 4-1945 5276
00 60 4-1999 3994
00 60 8-771 1654
00 60 9-542 3502
00 60 2-289 2259
00 60 5-841 3195
00 60 1-2160 3272
00 60 7-844 1596
00 60 7-1967 1434
00 60 5-523 3041
00 60 9-1819 1550
00 60 9-2474 1177
00 60 3-1352 5988
00 60 2-518 4468
00 60 5-723 4176
00 60 1-1905 1685
00 60 7-1219 4107
00 60 9-1503 5415
00 60 5-1048 3837
00 60 4-1612 5556
00 60 3-745 4981
00 60 7-552 6820
00 60 6-1369 2220
00 60 4-470 6228
00 60 6-303 2796
00 60 9-740 6618
00 60 7-1459 4014
00 60 4-956 6138
00 60 2-1470 6741
00 60 6-1542 5749
00 60 6-2296 4905
00 60 1-1943 4724
00 60 6-2219 5001
00 60 9-1233 2148
00 60 8-1251 3582
00 60 5-1107 4422
00 60 4-1726 6766
00 60 9-1688 2756
00 60 6-1703 1731
00 60 3-2122 4672
00 60 1-365 6221
00 60 9-1182 5508
00 60 3-1024 4040
00 60 7-263 1910
00 60 2-2114 6556
00 60 9-1590 5341
00 60 9-191 6198
00 60 3-1607 1574
00 60 2-143 1957
00 60 4-1187 6195
00 60 1-1379 6890
00 60 3-1427 6101
00 60 6-832 1612
00 60 1-1848 3005
00 60 8-762 1804
00 60 4-998 2929
00 60 2-2153 5709
00 60 4-1849 5710
00 60 7-514 1629
00 60 6-396 6496
00 60 2-882 5434
00 60 3-663 3246
00 60 6-1613 2051
00 60 7-895 4237
00 60 3-2194 6976
00 60 3-1366 5553
00 60 2-1432 1759
00 60 8-171 4592
