00 52 52 6098 4503
00 52 33 4304 8391
00 52 47 7595 8280
00 52 49 8928 6369
00 52 52 5394 2857
00 52 39 8908 5734
00 52 37 7637 2716
00 52 47 8424 6288
00 52 47 8859 2924
00 52 42 6166 4748
00 52 47 7199 6908
00 52 45 6305 5417
00 52 45 5655 3125
00 52 52 4708 3069
00 52 53 8319 3944
00 52 34 5233 3173
00 52 42 6593 3655
00 52 34 5942 4780
00 52 45 5511 4905
00 52 40 5366 8304
00 52 44 4936 7817
00 52 54 8773 4632
00 52 47 5828 5319
00 52 33 4353 7785
00 52 47 6482 3365
00 52 52 4582 6707
00 52 48 8798 3825
00 52 39 7365 4144
00 52 55 4492 6044
00 52 50 7315 5757
00 52 49 6431 8394
00 52 50 7037 3018
00 52 43 4764 3609
00 52 33 8354 5864
00 52 39 8285 5224
00 52 48 8541 6934
00 52 38 5575 5584
00 52 45 6601 8000
00 52 42 6369 2284
00 52 46 4512 2867
00 52 37 7708 5943
00 52 51 8482 3806
00 52 47 5226 4436
00 52 49 5135 5787
00 52 45 4426 7992
00 52 47 7885 6696
00 52 54 6894 7207
00 52 49 8058 2668
00 52 34 6539 5702
00 52 43 6221 8310
00 52 53 5888 3016
00 52 49 8426 2259
00 52 35 7311 2380
00 52 36 7407 3399
00 52 45 4246 6054
00 52 41 8902 3976
00 52 41 7524 4440
00 52 37 7838 2266
00 52 41 6511 2519
00 52 53 4628 4126
00 52 37 5456 2746
00 52 43 6419 5885
00 52 43 4693 6602
00 52 52 8296 8346
00 52 40 6904 3712
00 52 40 4559 5895
00 52 40 8349 4501
00 52 44 5021 6721
00 52 33 5129 4424
00 52 49 6175 3268
00 52 55 4474 4186
00 52 42 7494 4890
00 52 36 5931 5075
00 52 34 7664 8308
00 52 55 7640 4296
00 52 50 5845 5380
00 52 53 7584 2749
00 52 38 7930 3324
00 52 41 4842 6581
00 52 38 7750 7607
00 52 35 5858 3861
00 52 48 8381 4841
00 52 47 5638 3459
00 52 55 8353 7879
00 52 34 9059 5496
00 52 39 7921 7609
00 52 51 7052 2901
00 52 47 5303 5610
00 52 44 7941 7848
00 52 42 7961 3269
00 52 43 8612 3546
00 52 41 8785 3330
00 52 49 5794 8001
00 52 33 7403 5235
00 52 46 7342 7143
00 52 52 6420 6675
00 52 45 8417 6149
00 52 44 7658 5147
00 52 49 7786 6111
00 52 37 8394 5731
00 52 37 9071 5596
00 52 50 7630 3979
00 52 55 5527 5578
00 52 46 4615 3630
00 52 47 8900 6602
00 52 44 4316 5075
00 52 39 4720 7988
00 52 55 8285 6626
00 52 34 8283 6843
00 52 41 7453 7433
00 52 34 7780 4748
00 52 41 5130 7228
00 52 45 5659 3086
00 52 38 8230 7883
00 52 41 4838 4606
00 52 35 8468 2521
00 52 33 4945 2525
00 52 35 8683 8176
00 52 54 8585 6979
00 52 52 9053 5140
00 52 52 7551 3021
00 52 44 8344 6949
00 52 53 9148 8173
00 52 55 5164 5949
00 52 54 7365 5546
00 52 42 4234 5954
00 52 53 4179 7606
00 52 38 7610 5142
00 52 50 5799 7962
00 52 42 5911 3828
00 52 34 8875 7804
00 52 53 4641 6023
00 52 35 6769 5019
00 52 45 5386 2322
00 52 35 5845 8185
00 52 49 7068 2567
00 52 44 6672 7022
00 52 40 7200 6296
00 52 37 5273 5054
00 52 34 8153 4299
00 52 51 4410 2499
00 52 50 8379 5058
00 52 54 4808 4049
00 52 47 8680 5193
00 52 42 6409 7977
00 52 43 8450 3467
00 52 44 4608 7698
00 52 50 6925 2333
00 52 37 6556 5763
00 52 40 4438 3273
00 52 45 7336 2975
00 52 37 8686 8354
00 52 48 6263 6162
00 52 33 5900 3116
00 52 38 8135 4850
00 52 38 7225 7899
00 52 47 4432 3924
00 52 44 4846 4745
00 52 37 4654 6519
00 52 48 8340 7383
00 52 45 7488 3132
00 52 39 5818 6799
00 52 47 7078 4287
00 52 50 5292 3891
00 52 39 4306 4758
00 52 43 5841 4807
00 52 36 8044 3792
00 52 39 8894 3837
00 52 38 6324 6663
00 52 45 4444 3629
00 52 55 7706 7563
00 52 45 7394 4305
00 52 42 7431 3599
00 52 45 8677 5015
00 52 48 8730 2573
00 52 39 6589 5491
00 52 35 9038 5869
00 52 33 8044 7604
00 52 44 6258 3792
00 52 51 4756 4477
00 52 39 5033 8224
00 52 54 4580 6924
00 52 33 7968 4415
00 52 54 7692 7679
00 52 40 6855 2304
00 52 54 7844 7836
00 52 42 9002 6970
00 52 53 8660 5961
00 52 36 8393 7745
00 52 54 4831 5869
00 52 41 7009 4653
00 52 44 8443 5737
00 52 37 6044 3746
00 52 45 5099 5882
00 52 34 7162 6212
00 52 55 5317 4091
00 52 39 8737 3719
00 52 50 5670 3404
00 52 34 7108 4843
00 52 37 5080 7439
00 52 53 7857 5527
00 52 34 6970 6584
00 52 34 4246 5047
00 52 33 6008 3840
00 52 34 7835 4102
00 52 42 4593 3608
00 52 40 7160 6825
00 52 40 6349 4454
00 52 50 6239 2545
00 52 52 5967 3973
00 52 37 7048 3730
00 52 40 5505 6563
00 52 48 5770 3989
00 52 51 5608 6319
00 52 49 9081 4511
00 52 37 6766 7250
00 52 47 5329 3184
00 52 42 5552 6174
00 52 47 5894 2365
00 52 50 5903 6710
00 52 35 6329 4215
00 52 36 5330 8398
00 52 33 7672 6038
00 52 40 6204 8248
00 52 55 7671 8052
00 52 34 6978 2299
00 52 46 7051 2506
00 52 47 8455 5837
00 52 48 5752 6337
00 52 49 5013 5180
00 52 44 4187 6738
00 52 54 5917 2782
00 52 35 4490 6261
00 52 34 6485 6347
00 52 42 6758 5709
00 52 35 4387 5498
00 52 47 5293 5688
00 52 49 5910 4440
00 52 42 4893 8167
00 52 41 7157 4849
00 52 37 7067 5589
00 52 48 5326 7430
00 52 38 6270 7308
00 52 44 4981 7250
00 52 37 6205 3825
00 52 42 4261 7735
00 52 33 6031 5660
00 52 51 6164 3563
00 52 44 6627 7589
00 52 34 4754 7103
00 52 42 6839 2638
00 52 34 6475 6425
00 52 46 4728 2301
00 52 35 6334 4176
00 52 45 8852 6992
00 52 44 4192 6699
00 52 40 4425 7596
00 52 46 6023 6923
00 52 35 4705 5695
00 52 55 5111 4580
00 52 36 7128 2673
00 52 33 8367 7762
00 52 38 4584 7497
00 52 50 7508 3371
00 52 54 6727 7167
00 52 42 5373 2222
00 52 47 6136 5594
00 52 46 7154 3269
00 52 34 4632 6496
00 52 41 6601 7605
00 52 41 4507 2511
00 52 50 7338 7577
00 52 43 4760 7855
00 52 52 9071 6999
00 52 37 7372 3888
00 52 34 8844 4048
00 52 46 8521 2883
00 52 43 7302 5262
00 52 37 4860 6030
00 52 51 4935 2208
00 52 39 4791 4995
00 52 35 8343 4145
00 52 34 4650 8355
00 52 49 6422 2251
00 52 55 5007 5831
00 52 43 6711 2287
00 52 54 6898 7168
00 52 35 6567 7483
00 52 46 8073 6363
00 52 43 4442 7658
00 52 44 4240 8107
00 52 50 6153 5655
00 52 44 5370 4453
00 52 49 6080 6456
00 52 52 6861 7479
00 52 54 8473 6294
00 52 47 5831 7294
00 52 36 8649 6651
00 52 49 7395 4701
00 52 43 4279 3372
00 52 41 5852 6526
00 52 42 6664 6882
00 52 37 6000 2299
00 52 45 6892 6417
00 52 47 4334 3122
00 52 43 7177 2679
00 52 33 5340 5911
00 52 33 7067 3179
00 52 52 7704 7385