00 64 3-620 4346
00 64 3-643 4229
00 64 3-653 2910
00 64 3-660 4647
00 64 3-631 2768
00 64 3-660 2466
00 64 3-664 2456
00 64 3-668 2876
00 64 3-649 2137
00 64 3-661 2618
00 64 3-610 3339
00 64 3-647 2405
00 64 3-604 2702
00 64 3-665 4575
00 64 3-656 1755
00 64 3-653 3332
00 64 3-616 3649
00 64 3-652 4269
00 64 3-647 3401
00 64 3-600 1589
00 64 3-600 4163
00 64 3-607 4141
00 64 3-636 4207
00 64 3-609 2873
00 64 3-607 3431
00 64 3-649 3378
00 64 3-606 3361
00 64 3-664 3113
00 64 3-620 3894
00 64 3-624 4420
00 64 3-606 3303
00 64 3-607 1498
00 64 3-622 1484
00 64 3-653 3198
00 64 3-622 3219
00 64 3-630 3722
00 64 3-664 1897
00 64 3-648 2155
00 64 3-635 2297
00 64 3-646 2463
00 64 3-660 4318
00 64 3-663 3731
00 64 3-627 2976
00 64 3-637 3415
00 64 3-663 1425
00 64 3-610 3857
00 64 3-652 4444
00 64 3-656 2512
00 64 3-653 2168
00 64 3-610 1720
00 64 3-622 2631
00 64 3-617 2193
00 64 3-616 2478
00 64 3-647 3016
00 64 3-658 3234
00 64 3-639 1646
00 64 3-601 1543
00 64 3-633 3677
00 64 3-606 2185
00 64 3-637 3311
00 64 3-662 1803
00 64 3-622 2887
00 64 3-654 1923
00 64 3-663 3119
00 64 3-642 2444
00 64 3-663 3090
00 64 3-648 1636
00 64 3-629 3512
00 64 3-662 2653
00 64 3-602 3471
00 64 3-639 3765
00 64 3-658 3677
00 64 3-637 1616
00 64 3-630 3216
00 64 3-610 4241
00 64 3-663 2799
00 64 3-618 1774
00 64 3-659 1511
00 64 3-613 2251
00 64 3-626 3319
00 64 3-656 2314
00 64 3-603 4053
00 64 3-631 3490
00 64 3-668 4425
00 64 3-666 2421
00 64 3-653 3518
00 64 3-646 3889
00 64 3-634 2046
00 64 3-630 4537
00 64 3-652 2348
00 64 3-641 2636
00 64 3-645 1880
00 64 3-600 4594
00 64 3-653 2983
00 64 3-668 2171
00 64 3-614 3113
00 64 3-627 1777
00 64 3-639 4609
00 64 3-640 1681
00 64 3-663 1675
00 64 3-626 1782
00 64 3-660 3159
00 64 3-609 3606
00 64 3-636 3264
00 64 3-639 4240
00 64 3-649 2490
00 64 3-610 2130
00 64 3-627 3759
00 64 3-632 1769
00 64 3-642 3064
00 64 3-601 3461
00 64 3-641 3151
00 64 3-651 2630
00 64 3-604 1884
00 64 3-608 2834
00 64 3-615 2009
00 64 3-608 2753
00 64 3-655 4646
00 64 3-615 2691
00 64 3-602 2775
00 64 3-626 4580
00 64 3-642 4025
00 64 3-604 2216
00 64 3-653 4633
00 64 3-616 4042
00 64 3-615 2464
00 64 3-627 3852
00 64 3-612 3517
00 64 3-633 3580
00 64 3-626 2402
00 64 3-667 3531
00 64 3-602 1866
00 64 3-657 2381
00 64 3-658 3028
00 64 3-637 3692
00 64 3-604 2123
00 64 3-603 2886
00 64 3-626 3526
00 64 3-658 3523
00 64 3-601 3473
00 64 3-661 4280
00 64 3-648 3083
00 64 3-645 2209
00 64 3-645 1848
00 64 3-606 2496
00 64 3-640 4141
00 64 3-648 2192
00 64 3-649 2944
00 64 3-629 3230
00 64 3-653 2630
00 64 3-650 2659
00 64 3-666 2692
00 64 3-642 2412
00 64 3-601 4248
00 64 3-635 2795
00 64 3-609 3534
00 64 3-628 2484
00 64 3-604 1669
00 64 3-654 1786
00 64 3-668 1400
00 64 3-640 2633
00 64 3-645 3845
00 64 3-620 2075
00 64 3-619 1987
00 64 3-660 2044
00 64 3-639 3454
00 64 3-655 2846
00 64 3-651 4482
00 64 3-602 3159
00 64 3-636 2935
00 64 3-603 3287
00 64 3-609 1560
00 64 3-656 1909
00 64 3-620 1475
00 64 3-654 2584
