00 47 40 67 49 70
00 47 28 61 48 12
00 47 34 65 49 44
00 47 26 72 48 32
00 47 50 60 48 44
00 47 43 67 44 28
00 47 50 70 58 52
00 47 41 62 50 62
00 47 28 66 59 46
00 47 42 75 45 32
00 47 36 66 45 88
00 47 39 55 57 80
00 47 36 64 48 76
00 47 25 63 48 24
00 47 51 75 45 71
00 47 22 71 50 85
00 47 43 74 49 53
00 47 22 75 56 83
00 47 34 76 57 82
00 47 48 68 46 78
00 47 48 75 46 58
00 47 33 67 50 49
00 47 47 67 46 40
00 47 29 67 47 58
00 47 23 68 55 90
00 47 28 61 48 83
00 47 29 71 49 25
00 47 24 67 51 25
00 47 27 73 58 69
00 47 38 58 50 24
00 47 40 67 46 39
00 47 33 70 59 60
00 47 30 70 58 76
00 47 31 56 55 33
00 47 50 76 55 80
00 47 25 75 53 83
00 47 32 57 52 30
00 47 38 56 48 29
00 47 29 75 60 68
00 47 32 60 51 13
00 47 33 58 59 12
00 47 30 59 60 13
00 47 37 66 60 84
00 47 23 69 53 10
00 47 33 72 44 22
00 47 35 64 60 65
00 47 44 70 55 47
00 47 28 58 59 76
00 47 32 76 58 59
00 47 25 70 46 23
00 47 50 64 46 38
00 47 47 72 52 48
00 47 30 72 50 43
00 47 28 57 53 50
00 47 25 72 49 56
00 47 50 65 48 89
00 47 28 59 54 55
00 47 46 68 47 64
00 47 30 71 46 21
00 47 38 60 48 36
00 47 24 59 54 14
00 47 48 59 45 65
00 47 33 61 57 14
00 47 39 57 51 51
00 47 49 72 49 82
00 47 34 73 46 54
00 47 36 64 45 35
00 47 24 57 58 54
00 47 44 76 56 16
00 47 34 68 51 30
00 47 37 58 45 84
00 47 24 58 52 44
00 47 37 71 59 58
00 47 47 65 59 75
00 47 38 65 58 80
00 47 37 62 50 21
00 47 30 57 56 48
00 47 45 65 55 25
00 47 37 64 49 23
00 47 35 68 52 67
00 47 22 57 49 65
00 47 27 66 54 45
00 47 36 75 52 74
00 47 46 75 57 19
00 47 42 69 54 29
00 47 24 69 57 51
00 47 34 55 51 72
00 47 42 63 49 39
00 47 32 72 54 21
00 47 34 74 46 45
00 47 31 71 44 17
00 47 22 75 44 47
00 47 51 67 50 41
00 47 28 59 56 26
00 47 26 55 50 71
00 47 45 67 44 42
00 47 39 74 58 88
00 47 36 69 53 75
00 47 51 75 51 72
00 47 31 69 45 48
00 47 38 60 57 53
00 47 48 76 49 74
00 47 26 72 48 88
00 47 42 60 56 33
00 47 31 60 48 47
00 47 34 60 44 67
00 47 46 61 53 71
00 47 48 72 60 76
00 47 34 70 58 59
00 47 45 67 49 38
00 47 47 60 59 72
00 47 49 61 57 15
00 47 47 69 52 89
00 47 22 72 47 67
00 47 28 70 50 90
00 47 46 72 47 12
00 47 41 56 48 55
00 47 24 55 55 73
00 47 49 68 59 45
00 47 38 60 47 68
00 47 45 76 46 39
00 47 51 59 56 57
00 47 51 76 53 18
00 47 25 69 58 20
00 47 29 62 45 41
00 47 44 63 50 18
00 47 33 72 49 89
00 47 38 56 44 30
00 47 24 58 45 61
00 47 31 66 54 37
00 47 25 57 46 16
00 47 46 64 58 17
00 47 29 64 47 17
00 47 45 68 51 33
00 47 28 74 45 42
00 47 49 71 47 63
00 47 44 59 51 72
00 47 23 69 59 87
00 47 41 58 45 86
00 47 48 56 47 86
00 47 40 64 57 64
00 47 27 70 59 38
00 47 34 73 47 66
00 47 42 62 57 86
00 47 46 57 47 73
00 47 26 70 53 47
00 47 38 55 51 64
00 47 31 67 60 63
00 47 32 61 55 19
00 47 50 70 56 33
00 47 22 70 56 80
00 47 46 72 56 17
00 47 29 75 48 64
00 47 40 68 53 77
00 47 46 72 46 33
00 47 26 76 45 30
00 47 35 55 60 46
00 47 25 66 60 17
00 47 50 63 54 84
00 47 31 57 44 20
00 47 23 68 57 45
00 47 36 64 60 16
00 47 35 65 47 72
00 47 31 59 53 68
00 47 50 69 55 62
00 47 41 60 53 73
00 47 30 76 58 77
00 47 27 61 55 12
00 47 28 58 54 16
00 47 42 56 56 26
00 47 36 76 55 20
00 47 48 62 51 14
00 47 46 58 55 68
00 47 38 73 52 37
00 47 51 64 52 61
00 47 35 63 56 75
00 47 44 68 58 58
00 47 30 68 59 26
00 47 47 63 52 39
00 47 47 62 55 32
00 47 23 66 45 65
00 47 47 62 58 73
00 47 24 72 52 34
00 47 24 61 47 47
00 47 42 74 51 89
00 47 29 55 51 16
00 47 40 69 55 47
00 47 26 60 49 40
00 47 41 71 59 51
00 47 37 70 53 17
00 47 37 76 59 78
00 47 24 57 60 90
00 47 51 56 51 30
00 47 40 61 49 77
00 47 45 72 48 46
00 47 47 76 48 37
00 47 41 74 45 26
00 47 38 75 55 32
00 47 32 56 55 31
00 47 35 73 47 42
00 47 41 58 57 41
00 47 31 65 54 46
00 47 30 73 47 35
00 47 49 68 55 24
00 47 22 74 54 73
00 47 50 55 46 37
00 47 39 55 57 55
00 47 28 63 56 65
00 47 43 56 52 42
00 47 34 66 48 86
00 47 27 70 52 13
00 47 32 57 50 82
00 47 44 71 52 29
00 47 44 76 60 32
00 47 26 74 49 69
00 47 32 73 55 77
00 47 26 74 54 33
00 47 48 64 48 36
00 47 35 65 47 62
00 47 26 66 52 49
00 47 47 65 57 55
00 47 48 73 47 17
00 47 25 67 47 73
00 47 47 58 60 80
00 47 50 67 45 14
00 47 44 59 55 56
00 47 24 57 48 20
00 47 32 71 44 87
00 47 32 56 52 72
00 47 34 67 57 72
00 47 35 58 51 67
00 47 43 62 55 72
00 47 25 57 60 66
00 47 50 74 51 66
00 47 25 69 56 49
00 47 49 74 59 34
00 47 28 67 52 78
00 47 32 58 56 37
00 47 26 68 45 50
00 47 51 64 56 54
00 47 41 66 47 27
00 47 38 64 54 66
00 47 37 56 53 68
00 47 47 74 46 52
00 47 35 75 60 74
00 47 40 69 45 72
00 47 28 76 45 23
00 47 39 63 46 26
00 47 39 73 57 58
00 47 37 73 46 56
00 47 30 62 56 77
00 47 27 72 56 59
00 47 23 59 56 60
00 47 30 76 57 16
00 47 42 58 52 68
00 47 39 59 60 69
00 47 48 55 57 80
00 47 48 57 44 35
00 47 34 65 49 76
00 47 48 67 56 57
00 47 23 61 59 36
00 47 31 59 58 32
00 47 37 60 48 21
00 47 51 74 46 21
00 47 38 56 46 10
00 47 39 61 49 86
00 47 50 65 48 64
00 47 49 58 46 44
00 47 34 61 51 83
