00 92 22 35801356
00 92 44 36106608
00 92 43 36164596
00 92 39 36291110
00 92 26 36013726
00 92 23 36173714
00 92 37 35854014
00 92 23 35774632
00 92 31 35867356
00 92 48 36084187
00 92 44 35912278
00 92 32 35829106
00 92 30 36170675
00 92 48 35999713
00 92 24 35854330
00 92 29 35969476
00 92 44 35791882
00 92 47 36081977
00 92 32 35841856
00 92 36 35710684
00 92 36 36186149
00 92 37 35845922
00 92 29 36036542
00 92 45 35861159
00 92 29 36221675
00 92 41 36099977
00 92 39 35953331
00 92 50 35935844
00 92 46 36060147
00 92 21 35712342
00 92 22 35753908
00 92 42 36096424
00 92 47 35863251
00 92 31 36138188
00 92 33 36246702
00 92 44 35857843
00 92 27 35792671
00 92 31 36245715
00 92 33 36299913
00 92 49 36028529
00 92 38 36010094
00 92 46 36196609
00 92 45 36075227
00 92 49 36123424
00 92 42 36030463
00 92 37 36152556
00 92 31 35734329
00 92 36 36304216
00 92 31 36015463
00 92 26 36275242
00 92 45 36085648
00 92 33 36085845
00 92 29 36126780
00 92 37 36079608
00 92 48 35997384
00 92 33 36276742
00 92 28 35879356
00 92 32 35727342
00 92 32 36277965
00 92 28 35745105
00 92 50 36081621
00 92 33 36026871
00 92 21 35795592
00 92 41 35946107
00 92 27 36248518
00 92 33 35846395
00 92 38 36005436
00 92 34 35747947
00 92 43 35894988
00 92 24 35994344
