00 51 84 591417
00 51 84 597762
00 51 84 598877
00 51 84 596905
00 51 84 599408
00 51 84 595506
00 51 84 591803
00 51 84 583972
00 51 84 595715
00 51 84 591824
00 51 84 583835
00 51 84 582565
00 51 84 585344
00 51 84 600690
00 51 84 593350
00 51 84 592006
00 51 84 603005
00 51 84 594200
00 51 84 584277
00 51 84 600723
00 51 84 585402
00 51 84 598898
00 51 84 596769
00 51 84 586258
00 51 84 589026
00 51 84 586879
00 51 84 594757
00 51 84 602377
00 51 84 594139
00 51 84 584685
00 51 84 596615
00 51 84 583062
00 51 84 591892
00 51 84 586193
00 51 84 588052
00 51 84 603860
00 51 84 584328
00 51 84 596165
00 51 84 587443
00 51 84 598753
00 51 84 584379
00 51 84 586698
00 51 84 602275
00 51 84 599729
00 51 84 594085
00 51 84 584334
00 51 84 585587
00 51 84 584328
00 51 84 582821
00 51 84 582949
00 51 84 588424
00 51 84 584538
00 51 84 596186
00 51 84 587307
00 51 84 585603
00 51 84 599678
00 51 84 603553
00 51 84 591281
00 51 84 584612
00 51 84 596400
00 51 84 585184
00 51 84 599637
00 51 84 603825
00 51 84 595802
00 51 84 597571
00 51 84 584470
00 51 84 585393
00 51 84 586314
00 51 84 599195
00 51 84 594102
00 51 84 591250
00 51 84 589033
00 51 84 602989
00 51 84 600629
00 51 84 585324
00 51 84 592391
00 51 84 589215
00 51 84 587036
00 51 84 585991
00 51 84 595706
00 51 84 592583
00 51 84 590755
00 51 84 600738
00 51 84 587409
00 51 84 593357
00 51 84 594772
00 51 84 582604
00 51 84 588597
00 51 84 582688
00 51 84 592961
00 51 84 582634
00 51 84 587701
00 51 84 584398
00 51 84 590088
00 51 84 597423
00 51 84 584041
00 51 84 589638
00 51 84 601804
00 51 84 590902
00 51 84 587824
00 51 84 600450
00 51 84 589317
00 51 84 602880
00 51 84 590109
00 51 84 588852
00 51 84 597163
00 51 84 593487
00 51 84 596721
00 51 84 592199
00 51 84 587675
00 51 84 595112
00 51 84 584574
00 51 84 598056
00 51 84 590395
00 51 84 598905
00 51 84 591100
00 51 84 592130
00 51 84 593752
00 51 84 585131
00 51 84 599286
00 51 84 592797
00 51 84 597068
00 51 84 588500
00 51 84 603006
00 51 84 585765
00 51 84 588770
00 51 84 589273
00 51 84 585244
00 51 84 589410
00 51 84 589959
00 51 84 600384
00 51 84 583433
00 51 84 589440
00 51 84 589063
00 51 84 602093
00 51 84 602338
00 51 84 582450
00 51 84 585402
00 51 84 585554
00 51 84 592276
00 51 84 597708
00 51 84 589185
00 51 84 596366
00 51 84 601567
00 51 84 588251
00 51 84 599732
00 51 84 603903
00 51 84 602309
00 51 84 583346
00 51 84 583692
00 51 84 588428
00 51 84 599265
00 51 84 601369
00 51 84 583945
00 51 84 584650
00 51 84 586310
00 51 84 584468
00 51 84 588919
00 51 84 594612
00 51 84 589987
00 51 84 594579
00 51 84 597934
00 51 84 587686
00 51 84 582391
00 51 84 595629
00 51 84 599420
00 51 84 587694
00 51 84 590066
00 51 84 584215
00 51 84 592697
00 51 84 585788
00 51 84 585108
00 51 84 589604
00 51 84 587973
00 51 84 584009
00 51 84 594059
00 51 84 586613
00 51 84 584567
00 51 84 595290
00 51 84 589016
00 51 84 582729
00 51 84 592689
00 51 84 599892
00 51 84 596521
00 51 84 596328
00 51 84 589879
00 51 84 588968
00 51 84 588671
00 51 84 591338
00 51 84 586346
00 51 84 586338
00 51 84 592007
00 51 84 586135
00 51 84 603188
00 51 84 583156
00 51 84 600405
00 51 84 588206
00 51 84 585277
00 51 84 603241
00 51 84 596851
00 51 84 594148
00 51 84 597270
00 51 84 594189
00 51 84 596997
00 51 84 589668
00 51 84 584038
00 51 84 601598
00 51 84 583829
00 51 84 593143
00 51 84 588459
00 51 84 594843
00 51 84 594780
00 51 84 590280
00 51 84 598963
00 51 84 597744
00 51 84 591055
00 51 84 599454
00 51 84 593090
00 51 84 601452
00 51 84 588309
00 51 84 584596
00 51 84 602829
00 51 84 586232
00 51 84 591305
00 51 84 585858
00 51 84 583940
00 51 84 586793
00 51 84 593919
00 51 84 588950
00 51 84 590190
00 51 84 583398
00 51 84 600913
00 51 84 590468
00 51 84 599120
00 51 84 588978
00 51 84 584385
00 51 84 597899
00 51 84 599160
00 51 84 583797
00 51 84 592656
00 51 84 586060
00 51 84 589629
00 51 84 602564
00 51 84 597821
00 51 84 584218
00 51 84 602515
00 51 84 603763
00 51 84 582867
00 51 84 588969
00 51 84 593580
00 51 84 600325
00 51 84 585225
00 51 84 586021
00 51 84 594810
00 51 84 594293
00 51 84 587881
00 51 84 593749
00 51 84 583748
00 51 84 598597
00 51 84 584709
00 51 84 597862
00 51 84 592381
00 51 84 593500
00 51 84 602253
00 51 84 594956
00 51 84 598248
00 51 84 591935
00 51 84 590829
00 51 84 592518
00 51 84 589780
00 51 84 595941
00 51 84 598760
00 51 84 587145
00 51 84 588076
00 51 84 596672
00 51 84 598140
00 51 84 586324
00 51 84 603344
00 51 84 596170
00 51 84 593735
00 51 84 586651
00 51 84 591346
00 51 84 585586
00 51 84 601198
00 51 84 595613
00 51 84 584070
00 51 84 588742
00 51 84 603513
00 51 84 588028
00 51 84 602613
00 51 84 596789
00 51 84 594557
00 51 84 593162
00 51 84 591849
00 51 84 589991
00 51 84 600871
00 51 84 585832
00 51 84 594654
00 51 84 603058
00 51 84 594551
00 51 84 595304
00 51 84 599458
00 51 84 594474
00 51 84 602141
00 51 84 596397
00 51 84 583801
00 51 84 598948
00 51 84 595737
00 51 84 596596
00 51 84 601452
00 51 84 596744
00 51 84 601881
00 51 84 592500
00 51 84 586391
00 51 84 600793
00 51 84 592669
00 51 84 591593
00 51 84 592386
00 51 84 591358
00 51 84 594644
00 51 84 590474
00 51 84 596977
00 51 84 603148
00 51 84 601682
00 51 84 596628
00 51 84 588595
00 51 84 594649
00 51 84 596766
00 51 84 584875
00 51 84 588337
00 51 84 600570
00 51 84 595551
00 51 84 584479
00 51 84 584633
00 51 84 601173
00 51 84 602801
00 51 84 592037
00 51 84 598583
00 51 84 587612
00 51 84 590611
00 51 84 593257
00 51 84 596836
00 51 84 583706
00 51 84 585525
00 51 84 584737
00 51 84 600492
00 51 84 602388
00 51 84 603197
00 51 84 595740
00 51 84 597980
00 51 84 602141
00 51 84 583053
00 51 84 601087
00 51 84 588619
00 51 84 595896
00 51 84 584305
00 51 84 586483
00 51 84 582618
00 51 84 585695
00 51 84 589939
00 51 84 592085
00 51 84 601077
00 51 84 584469
00 51 84 593828
00 51 84 603599
00 51 84 588866
00 51 84 594261
00 51 84 600738
00 51 84 595844
00 51 84 588863
00 51 84 584443
00 51 84 582763
00 51 84 598085
00 51 84 589499
00 51 84 600615
00 51 84 588227
00 51 84 585141
00 51 84 590092
00 51 84 590371
00 51 84 589224
00 51 84 586276
00 51 84 600851
00 51 84 599312
00 51 84 590518
00 51 84 598088
00 51 84 599317
00 51 84 596810
00 51 84 585985
00 51 84 584505
00 51 84 595698
00 51 84 584908
00 51 84 602168
00 51 84 585683
00 51 84 589315
00 51 84 598315
00 51 84 589383
00 51 84 587329
00 51 84 590376
00 51 84 595516
00 51 84 595952
00 51 84 586039
00 51 84 598200
00 51 84 589441
00 51 84 593972
00 51 84 589301
00 51 84 601218
00 51 84 603911
00 51 84 588205
00 51 84 593712
00 51 84 598748
00 51 84 586522
00 51 84 594307
00 51 84 584978
00 51 84 601000
00 51 84 582872
00 51 84 595261
00 51 84 603256
00 51 84 585513
00 51 84 584113
00 51 84 584943
00 51 84 590694
00 51 84 584277
00 51 84 592288
00 51 84 589896
00 51 84 587448
00 51 84 596610
00 51 84 598549
00 51 84 603995
00 51 84 601004
00 51 84 589164
00 51 84 583159
00 51 84 588445
00 51 84 584402
00 51 84 583036
00 51 84 602606
00 51 84 602458
00 51 84 588684
00 51 84 588435
00 51 84 593596
00 51 84 585462
00 51 84 588671
00 51 84 582903
00 51 84 590839
00 51 84 596668
00 51 84 591848
00 51 84 598426
00 51 84 596377
00 51 84 597282
00 51 84 594812
00 51 84 590767
00 51 84 601362
00 51 84 602958
00 51 84 583272
00 51 84 591913
00 51 84 586056
00 51 84 596681
00 51 84 597381
00 51 84 601183
00 51 84 585171
00 51 84 594105
00 51 84 601068
00 51 84 585229
00 51 84 600748
00 51 84 599993
00 51 84 590931
00 51 84 586928
00 51 84 602159
00 51 84 586443
00 51 84 596235
00 51 84 594709
00 51 84 591448
00 51 84 601775
00 51 84 591798
00 51 84 586114
00 51 84 603324
00 51 84 596306
00 51 84 585106
00 51 84 593130
00 51 84 596271
00 51 84 596580
00 51 84 594536
00 51 84 593298
00 51 84 583220
00 51 84 596471
00 51 84 584016
00 51 84 596826
00 51 84 587992
00 51 84 600743
00 51 84 593701
00 51 84 603033
00 51 84 601739
00 51 84 603271
00 51 84 587520
00 51 84 600351
00 51 84 582946
00 51 84 587041
00 51 84 583849
00 51 84 588098
00 51 84 588101
00 51 84 589484
00 51 84 590173
00 51 84 598261
00 51 84 597467
00 51 84 593586
00 51 84 603091
00 51 84 586603
00 51 84 602197
00 51 84 593222
00 51 84 586531
00 51 84 585112
00 51 84 582552
00 51 84 593156
00 51 84 602427
