00 48 12 427 24 14
00 48 12 692 27 11
00 48 12 460 29 39
00 48 12 799 22 12
00 48 12 629 28 69
00 48 12 678 33 28
00 48 12 757 18 61
00 48 12 786 23 16
00 48 12 712 25 33
00 48 12 655 17 56
00 48 12 516 37 79
00 48 12 829 35 14
00 48 12 463 36 34
00 48 12 696 27 53
00 48 12 776 27 58
00 48 12 429 27 17
00 48 12 808 22 19
00 48 12 643 29 12
00 48 12 526 18 73
00 48 12 684 30 72
00 48 12 622 31 45
00 48 12 568 24 33
00 48 12 806 26 17
00 48 12 639 39 49
00 48 12 830 23 60
00 48 12 770 23 39
00 48 12 604 29 36
00 48 12 479 38 64
00 48 12 763 20 49
00 48 12 865 28 57
00 48 12 504 19 26
00 48 12 617 20 58
00 48 12 435 32 31
00 48 12 694 28 12
00 48 12 863 25 60
00 48 12 783 40 77
00 48 12 544 32 63
00 48 12 787 23 72
00 48 12 441 38 33
00 48 12 478 22 62
00 48 12 648 32 22
00 48 12 529 26 19
00 48 12 506 38 18
00 48 12 799 19 58
00 48 12 535 27 34
00 48 12 449 38 24
00 48 12 730 40 54
00 48 12 791 28 78
00 48 12 673 28 50
00 48 12 845 23 80
00 48 12 558 25 71
00 48 12 640 29 26
00 48 12 850 33 52
00 48 12 877 30 73
00 48 12 575 32 37
00 48 12 759 19 55
00 48 12 624 28 61
00 48 12 844 25 68
00 48 12 679 40 24
00 48 12 877 27 69
00 48 12 692 33 62
00 48 12 817 31 24
00 48 12 544 19 71
00 48 12 495 25 79
00 48 12 613 36 75
