00 351 184 462 4176
00 351 207 567 4714
00 351 272 531 4524
00 351 57 562 4968
00 351 196 722 4893
00 351 62 535 4538
00 351 86 378 4423
00 351 134 713 4349
00 351 130 440 4869
00 351 174 590 4229
00 351 76 683 4554
00 351 287 404 4459
00 351 128 646 4686
00 351 178 658 4189
00 351 302 594 4614
00 351 189 791 4491
00 351 205 651 4998
00 351 222 782 4697
00 351 268 435 4146
00 351 98 780 4598
00 351 81 655 4124
00 351 206 733 4685
00 351 200 775 4156
00 351 133 511 4443
00 351 197 612 4782
00 351 177 525 4548
00 351 178 461 4188
00 351 267 368 4179
00 351 275 722 4317
00 351 35 419 4195
00 351 141 553 4271
00 351 40 489 4448
00 351 178 447 4468
00 351 112 432 5001
00 351 168 390 4925
00 351 289 767 4425
00 351 205 478 4533
00 351 23 333 4920
00 351 197 542 4226
00 351 268 356 4751
00 351 220 769 4298
00 351 99 629 4348
00 351 308 347 4646
00 351 237 624 4601
00 351 232 537 5016
00 351 242 597 4171
00 351 151 373 4264
00 351 26 726 4618
00 351 106 719 4518
00 351 210 744 4786
00 351 95 453 4574
00 351 183 554 4954
00 351 140 531 4056
00 351 190 349 4148
00 351 76 662 4631
00 351 249 738 4295
00 351 198 419 4394
00 351 228 410 4606
00 351 177 340 4952
00 351 198 680 4749
00 351 289 582 4829
00 351 225 697 4116
00 351 44 548 4593
00 351 147 516 5002
00 351 278 484 4171
00 351 226 733 4052
00 351 49 623 4071
00 351 68 633 4231
00 351 174 323 4648
00 351 132 779 4322
00 351 127 644 4394
00 351 78 675 4053
00 351 130 545 4093
00 351 276 360 4345
00 351 72 441 4128
00 351 151 536 4621
00 351 156 366 4734
00 351 271 720 5008
00 351 109 583 4280
00 351 115 353 4623
00 351 116 725 4404
00 351 162 399 4753
00 351 30 409 4392
00 351 232 512 4210
00 351 307 345 4355
00 351 137 641 4465
00 351 61 488 4494
00 351 42 658 5002
00 351 306 656 4372
00 351 243 479 4542
00 351 283 650 4129
00 351 94 684 4219
00 351 122 381 4731
00 351 91 666 4892
00 351 56 481 4304
00 351 218 728 4457
00 351 197 459 4240
00 351 304 726 4935
00 351 38 795 4560
00 351 98 683 4892
00 351 251 598 4153
00 351 205 426 4578
00 351 166 685 4930
00 351 140 687 4211
00 351 149 751 4254
00 351 129 768 4220
00 351 232 475 4954
00 351 115 558 4142
00 351 134 664 4985
00 351 70 411 4395
00 351 30 683 4176
00 351 59 638 4452
00 351 291 492 4343
00 351 104 715 4911
00 351 298 779 4514
00 351 40 355 4509
00 351 69 677 4661
00 351 162 603 4272
00 351 48 348 4972
00 351 141 525 4830
00 351 306 618 4138
00 351 253 767 4707
00 351 45 635 4483
00 351 296 732 4471
00 351 255 455 4392
00 351 242 668 4049
00 351 46 671 4418
00 351 301 316 4926
00 351 176 571 4597
00 351 138 507 4526
00 351 240 718 4688
