00 7 264 803-86-35
00 7 387 950-94-89
00 7 505 484-53-24
00 7 977 991-72-90
00 7 605 117-64-50
00 7 649 870-62-63
00 7 701 729-25-45
00 7 104 759-95-30
00 7 181 158-69-04
00 7 702 458-56-51
00 7 140 580-66-25
00 7 740 413-42-41
00 7 966 430-63-41
00 7 621 593-69-28
00 7 322 478-84-51
00 7 833 262-46-24
00 7 117 903-11-35
00 7 825 459-30-54
00 7 882 170-20-74
00 7 580 166-14-46
00 7 645 201-11-14
00 7 388 590-94-75
00 7 105 753-41-08
00 7 627 433-78-11
00 7 608 994-26-31
00 7 632 171-11-88
00 7 324 175-86-76
00 7 272 924-56-84
00 7 317 106-65-35
00 7 627 636-25-00
00 7 724 431-53-83
00 7 161 147-78-68
00 7 530 207-92-89
00 7 797 270-67-20
00 7 940 370-62-81
00 7 491 663-54-11
00 7 657 819-23-02
00 7 212 507-21-83
00 7 155 187-99-74
00 7 110 980-25-54
00 7 557 115-94-58
00 7 195 531-86-57
00 7 705 530-14-84
00 7 113 957-77-35
00 7 539 316-42-73
00 7 718 877-58-89
00 7 873 695-65-38
00 7 249 905-74-76
00 7 464 494-12-13
00 7 403 728-46-47
00 7 294 429-11-55
00 7 712 682-13-14
00 7 640 172-10-25
00 7 120 621-24-87
00 7 853 830-19-42
00 7 352 598-25-71
00 7 927 220-91-54
00 7 293 638-13-77
00 7 383 744-30-50
00 7 264 512-17-25
00 7 734 161-84-36
00 7 893 414-77-63
00 7 769 367-29-84
00 7 195 734-33-57
00 7 821 867-41-37
00 7 543 934-55-15
00 7 745 348-48-86
00 7 343 223-69-35
00 7 596 959-62-83
00 7 113 931-13-86
00 7 397 882-72-32
00 7 454 188-78-62
00 7 820 409-18-30
00 7 926 491-60-48
00 7 257 817-42-92
00 7 724 489-56-23
00 7 901 540-10-34
00 7 253 148-81-34
00 7 412 349-35-53
00 7 902 535-46-02
00 7 699 423-91-30
00 7 317 886-95-33
00 7 494 126-81-65
00 7 283 185-45-75
00 7 523 480-88-76
00 7 190 539-78-82
00 7 588 344-76-25
00 7 414 650-95-35
00 7 234 683-55-05
00 7 292 992-48-69
00 7 329 750-52-82
00 7 594 887-13-40
00 7 139 554-91-66
00 7 597 979-71-00
00 7 701 641-83-24
00 7 567 307-22-20
00 7 999 964-70-23
00 7 626 585-77-93
00 7 439 663-22-11
00 7 532 570-29-34
00 7 423 536-89-93
00 7 351 343-39-74
00 7 526 115-33-39
00 7 151 272-13-55
00 7 421 896-89-18
00 7 752 974-51-90
00 7 950 854-59-73
00 7 948 985-47-49
00 7 190 945-62-72
00 7 820 118-40-29
00 7 373 603-50-95
00 7 646 747-65-21
00 7 442 584-72-52
00 7 675 378-45-73
00 7 322 940-71-70
00 7 904 429-32-94
00 7 699 798-46-49
00 7 852 601-98-93
00 7 994 827-27-98
00 7 233 455-44-67
00 7 934 321-51-76
00 7 535 984-94-85
00 7 334 570-51-48
00 7 292 795-66-92
00 7 667 137-15-23
00 7 258 374-65-89
00 7 341 931-51-90
00 7 489 971-16-28
00 7 772 782-94-46
00 7 107 768-86-92
00 7 761 418-68-55
00 7 684 956-37-19
00 7 769 539-37-03
00 7 614 112-99-65
00 7 891 691-10-80
00 7 287 271-49-93
00 7 631 842-89-30
00 7 965 404-89-83
00 7 478 259-98-87
00 7 957 689-14-34
00 7 780 877-90-36
00 7 794 490-87-17
00 7 618 781-60-24
00 7 304 830-31-59
00 7 286 277-13-25
00 7 185 567-80-33
00 7 160 767-29-02
00 7 886 667-63-23
00 7 473 927-60-09
00 7 573 382-97-93
00 7 198 977-90-90
00 7 313 622-29-64
00 7 413 661-24-90
00 7 242 133-36-02
00 7 481 819-18-99
00 7 245 667-72-55
00 7 526 463-15-89
00 7 627 465-17-92
00 7 305 153-78-76
00 7 991 323-20-15
00 7 785 869-98-01
00 7 911 676-25-77
00 7 317 189-43-33
00 7 609 463-18-17
00 7 712 162-23-55
00 7 729 512-93-89
00 7 714 785-90-29
00 7 311 608-73-70
00 7 279 676-34-46
00 7 166 171-25-24
00 7 343 451-81-84
00 7 854 730-59-67
00 7 807 697-61-83
00 7 656 299-33-33
00 7 301 847-14-46
00 7 749 351-74-16
00 7 468 758-78-82
00 7 483 193-13-22
00 7 334 482-20-28
00 7 755 343-83-91
00 7 585 943-17-42
00 7 182 501-86-22
00 7 640 115-97-86
00 7 281 228-92-11
00 7 229 888-30-98
00 7 737 518-57-58
00 7 965 955-18-33
00 7 986 877-66-58
00 7 722 677-48-29
00 7 883 893-47-32
00 7 607 163-48-35
00 7 480 913-13-41
00 7 236 843-45-60
00 7 703 921-43-80
00 7 211 747-51-96
00 7 422 307-77-55
00 7 992 572-41-80
00 7 732 349-76-32
00 7 875 766-23-62
00 7 222 382-86-86
00 7 264 398-12-46
00 7 155 275-40-95
00 7 546 531-98-65
00 7 639 209-93-39
00 7 272 404-66-15
00 7 406 446-58-99
00 7 321 800-91-43
00 7 182 210-17-12
00 7 988 226-88-33
00 7 669 157-25-50
00 7 847 984-45-27
00 7 511 356-91-98
00 7 134 848-97-70
00 7 579 957-63-09
00 7 520 940-48-66
00 7 136 171-54-96
00 7 383 104-70-99
00 7 219 342-66-43
00 7 887 979-51-60
00 7 714 525-50-99
00 7 355 778-24-52
00 7 126 758-66-12
00 7 346 960-52-88
00 7 757 940-85-16
00 7 924 705-26-02
00 7 382 603-50-32
00 7 442 292-93-42
00 7 123 489-35-21
00 7 710 870-94-10
00 7 622 524-47-24
00 7 474 635-81-88
00 7 921 494-88-40
00 7 586 906-24-39
00 7 931 718-44-94
00 7 187 499-58-39
00 7 311 925-26-49
00 7 974 899-14-30
00 7 943 930-72-92
00 7 679 641-22-43
00 7 403 406-38-56
00 7 945 482-40-67
00 7 742 459-26-26
00 7 797 473-14-20
00 7 156 707-89-33
00 7 921 639-32-91
00 7 863 851-29-15
00 7 737 753-32-39
00 7 778 451-95-10
00 7 874 106-53-75
00 7 489 503-64-67
00 7 246 890-29-72
00 7 330 510-22-79
00 7 326 767-35-79
00 7 157 961-74-30
00 7 422 745-90-25
00 7 921 405-56-20
00 7 150 455-41-28
00 7 849 624-45-12
00 7 111 625-79-72
00 7 610 109-72-35
00 7 766 156-91-23
00 7 400 137-97-54
00 7 409 392-82-99
00 7 607 943-78-34
00 7 346 403-69-06
00 7 695 597-37-42
00 7 165 354-52-98
00 7 771 179-37-89
00 7 214 381-86-49
00 7 467 852-74-35
00 7 474 370-77-26
00 7 511 939-49-29
00 7 339 625-27-85
00 7 702 198-16-21
00 7 184 750-17-07
00 7 587 495-75-17
00 7 245 319-90-05
00 7 134 182-73-50
00 7 391 453-51-86
00 7 408 169-35-72
00 7 803 896-71-44
00 7 647 101-51-39
00 7 843 689-40-77
00 7 734 832-73-88
00 7 635 643-79-70
00 7 975 602-71-97
00 7 836 417-72-46
00 7 973 207-16-62
00 7 613 992-89-48
00 7 303 981-29-42
00 7 117 846-98-05
00 7 986 966-98-89
00 7 259 229-31-39
00 7 965 987-46-24
00 7 683 936-27-93
00 7 181 829-57-56
00 7 444 687-59-77
00 7 346 814-18-28
00 7 481 996-81-30
00 7 218 670-38-67
00 7 691 651-13-42
00 7 779 211-65-17
00 7 607 886-75-94
00 7 507 910-47-30
00 7 971 656-47-97
00 7 550 274-85-65
00 7 809 914-53-67
00 7 906 621-50-30
00 7 807 785-92-04
00 7 193 751-16-44
00 7 384 941-13-27
00 7 826 224-54-74
00 7 169 674-32-96
00 7 691 937-27-30
00 7 877 375-85-66
00 7 125 592-22-35
00 7 381 406-67-64
00 7 781 580-57-83
00 7 687 876-87-60
00 7 912 347-54-43
00 7 514 516-81-42
00 7 544 777-92-00
00 7 461 954-62-13
00 7 348 360-22-61
00 7 989 189-95-10
00 7 518 374-74-22
00 7 394 468-96-71
00 7 542 154-25-26
00 7 879 858-82-12
00 7 784 469-78-43
00 7 234 626-52-76
00 7 453 599-27-84
00 7 606 808-62-38
00 7 979 808-45-27
00 7 177 389-17-55
00 7 390 319-35-81
00 7 140 574-11-93
00 7 286 688-52-47
00 7 871 966-34-22
00 7 213 184-14-81
00 7 806 239-38-86
00 7 139 757-38-66
00 7 713 416-98-52
00 7 231 617-61-04
00 7 773 339-27-33
00 7 624 310-81-79
00 7 349 849-73-49
00 7 303 690-51-21
00 7 464 957-89-43
00 7 474 895-31-18
00 7 876 324-46-69
00 7 739 824-81-63
00 7 752 828-17-30
00 7 674 909-54-07
00 7 242 950-59-14
00 7 499 992-25-82
00 7 257 937-12-94
00 7 858 999-90-68
00 7 442 787-19-52
00 7 791 715-72-26
00 7 752 917-49-50
00 7 210 461-37-08
00 7 324 144-58-95
00 7 575 865-94-49
00 7 858 853-56-08
00 7 166 842-14-76
00 7 985 680-83-90
00 7 160 965-11-70
00 7 547 380-99-72
00 7 809 540-98-69
00 7 371 905-48-60
00 7 307 985-56-72
00 7 242 481-17-52
00 7 873 200-49-27
00 7 480 679-38-61
00 7 423 448-57-73
00 7 814 792-56-73
00 7 444 921-34-48
00 7 158 310-96-15
00 7 369 225-68-56
00 7 885 496-54-15
00 7 955 648-84-81
00 7 503 558-39-41
00 7 454 739-97-11
00 7 427 128-77-11
00 7 690 480-94-33
00 7 360 833-90-99
00 7 537 162-17-41
00 7 762 672-54-52
00 7 185 161-95-44
00 7 828 993-65-18
00 7 927 714-17-64
00 7 962 863-49-82
00 7 424 790-74-00
00 7 752 449-97-09
00 7 585 569-61-43
00 7 548 786-83-62
00 7 140 314-61-63
00 7 330 858-93-29
00 7 719 148-66-98
00 7 392 973-41-45
00 7 319 729-42-19
00 7 209 732-95-92
00 7 288 323-87-01
00 7 916 610-31-12
00 7 594 882-49-17
00 7 585 829-11-73
00 7 503 615-42-80
00 7 293 232-28-87
00 7 151 969-66-65
00 7 305 559-62-65
00 7 322 998-74-10
00 7 744 822-53-60
00 7 423 739-36-93
00 7 467 680-66-26
00 7 955 991-11-19
00 7 441 215-80-76
00 7 595 387-33-07
00 7 817 603-64-78
00 7 462 569-87-40
00 7 705 295-39-04
00 7 300 561-89-58
00 7 651 187-55-57
00 7 951 151-41-41
00 7 609 697-84-98
00 7 525 558-10-32
00 7 618 641-80-96
00 7 482 610-16-76
00 7 575 605-54-10
00 7 902 123-97-80
00 7 913 924-47-42
00 7 264 569-20-54
00 7 574 554-16-02
00 7 617 355-66-17
00 7 384 447-87-17
00 7 157 899-17-78
00 7 128 627-78-56
00 7 203 100-37-56
00 7 127 867-18-69
00 7 470 221-15-37
00 7 109 460-35-95
00 7 646 455-87-11
00 7 789 695-62-09
00 7 163 308-68-13
00 7 940 136-86-00
00 7 679 267-66-34
00 7 768 690-36-86
00 7 445 681-94-45
00 7 791 190-27-35
00 7 386 633-51-20
00 7 710 262-73-30
00 7 275 413-57-87
00 7 985 706-58-49
00 7 303 399-72-11
00 7 812 169-79-90
00 7 862 825-54-57
00 7 594 419-62-98
00 7 513 662-26-02
00 7 821 721-97-77
00 7 266 989-50-48
00 7 940 313-59-41
00 7 652 270-32-45
00 7 933 878-34-58
00 7 597 428-53-50
00 7 193 922-25-53
00 7 802 319-78-35
00 7 896 948-22-16
00 7 814 912-26-75
00 7 577 531-69-83
00 7 600 556-14-23
00 7 907 792-59-49
00 7 325 164-68-12
00 7 263 575-75-87
00 7 128 279-96-06
00 7 711 719-96-27
00 7 792 855-52-54
00 7 573 237-63-33
00 7 822 133-85-13
00 7 507 587-40-39
00 7 722 708-76-00
00 7 579 952-98-77
00 7 965 315-58-62
00 7 941 707-25-76
00 7 875 595-15-53
00 7 703 104-20-78
00 7 193 574-43-03
00 7 410 938-47-16
00 7 661 937-56-01
00 7 917 928-74-71
00 7 390 204-29-11
00 7 461 688-57-41
00 7 839 806-73-49
00 7 742 807-98-76
00 7 289 754-46-49
00 7 391 719-55-48
00 7 818 624-74-94
00 7 150 278-68-87
00 7 875 621-79-01
00 7 846 438-81-19
00 7 458 362-23-10
00 7 464 323-93-04
00 7 884 450-70-39
00 7 224 605-43-02
00 7 968 444-19-36
00 7 755 577-58-62
00 7 398 439-94-29
00 7 971 630-73-49
00 7 408 840-24-24
00 7 544 225-74-50
00 7 853 336-93-32
00 7 584 372-78-76
00 7 886 173-47-13
00 7 705 701-23-93
00 7 532 335-53-53
00 7 610 140-11-16
00 7 463 214-52-67
00 7 759 289-17-81
00 7 871 186-94-23
00 7 346 694-48-27
00 7 347 486-46-94
00 7 677 424-29-59
00 7 153 984-22-59
00 7 439 543-52-09
00 7 398 959-84-98
00 7 882 290-80-85
00 7 713 676-48-82
00 7 186 447-20-22
00 7 926 257-84-67
00 7 445 421-54-05
00 7 836 360-69-16
00 7 233 715-84-96
00 7 889 151-10-94
00 7 688 902-61-19
00 7 155 681-25-84
00 7 778 305-61-69
00 7 598 162-49-98
00 7 683 467-76-31
00 7 555 938-81-91
00 7 667 429-84-44
00 7 811 263-75-42
00 7 853 101-28-51
00 7 771 876-90-99
00 7 998 944-60-07
00 7 938 875-96-55
00 7 268 338-71-13
00 7 886 693-37-72
00 7 616 361-30-30
00 7 838 171-77-11
00 7 252 362-47-88
00 7 536 136-43-93
00 7 620 338-83-21
00 7 821 372-26-26
00 7 774 708-19-19
00 7 704 301-93-36
00 7 755 286-80-52
00 7 745 551-85-76
00 7 459 560-96-88
00 7 125 935-39-63
00 7 319 963-18-90
00 7 922 228-83-79
00 7 177 452-75-17
00 7 684 436-47-50
00 7 858 879-30-57
00 7 308 276-75-17
00 7 350 469-63-08
00 7 214 350-58-68
00 7 770 793-23-00
00 7 115 217-67-99
00 7 950 245-37-94
00 7 600 874-57-92
00 7 702 115-39-33
00 7 202 923-24-90
00 7 599 765-16-55
00 7 577 854-76-85
00 7 849 504-75-11
00 7 877 115-45-36
00 7 169 763-64-17
00 7 228 488-10-30
00 7 960 469-84-57
00 7 201 466-92-93
00 7 982 323-21-78
00 7 989 423-70-91
00 7 330 770-62-09
00 7 282 597-83-97
00 7 309 879-42-64
00 7 243 856-63-51
00 7 508 816-52-87
00 7 980 480-74-93
00 7 373 717-56-64
00 7 325 632-19-73
00 7 789 466-50-51
00 7 805 537-71-29
00 7 246 370-39-13