00 966 11 319 5981
00 966 11 460 5515
00 966 11 434 6681
00 966 11 507 6354
00 966 11 779 5464
00 966 11 442 5228
00 966 11 596 6389
00 966 11 543 5441
00 966 11 606 5962
00 966 11 790 5767
00 966 11 642 5223
00 966 11 278 6488
00 966 11 242 6719
00 966 11 764 6377
00 966 11 424 5449
00 966 11 749 5717
00 966 11 726 6981
00 966 11 214 6303
00 966 11 387 6313
00 966 11 622 5395
00 966 11 723 5992
00 966 11 770 7809
00 966 11 382 7058
00 966 11 344 7787
00 966 11 679 6018
00 966 11 508 7121
00 966 11 262 6931
00 966 11 356 6096
00 966 11 445 6303
00 966 11 462 6504
00 966 11 470 5175
00 966 11 512 5608
00 966 11 466 6093
00 966 11 487 5202
00 966 11 266 7077
00 966 11 663 5569
00 966 11 593 7653
00 966 11 432 5482
00 966 11 687 5840
00 966 11 662 5223
00 966 11 678 7207
00 966 11 743 6587
00 966 11 400 6751
00 966 11 360 6836
00 966 11 574 7020
00 966 11 679 7764
00 966 11 442 6033
00 966 11 794 6632
00 966 11 724 6338
00 966 11 685 5235
00 966 11 664 5953
00 966 11 630 6876
00 966 11 389 7426
00 966 11 612 7308
00 966 11 326 5754
00 966 11 315 6813
00 966 11 604 6508
00 966 11 312 7186
00 966 11 464 7704
00 966 11 290 5689
00 966 11 629 5849
00 966 11 230 7135
00 966 11 339 5004
00 966 11 409 5767
00 966 11 317 7716
00 966 11 217 6400
00 966 11 395 5962
00 966 11 524 6295
00 966 11 703 5311
00 966 11 718 7246
00 966 11 482 6802
00 966 11 485 6515
00 966 11 455 6941
00 966 11 400 5897
00 966 11 455 6769
00 966 11 738 5674
00 966 11 610 5811
00 966 11 299 7640
00 966 11 755 5107
00 966 11 543 6036
00 966 11 427 7206
00 966 11 267 5677
00 966 11 644 7103
00 966 11 343 6847
00 966 11 351 7349
00 966 11 749 5296
00 966 11 565 5961
00 966 11 582 7350
00 966 11 233 5487
00 966 11 413 5741
00 966 11 371 6966
00 966 11 520 6792
00 966 11 517 6905
00 966 11 294 6256
00 966 11 505 6343
00 966 11 602 7437
00 966 11 464 7828
00 966 11 244 6087
00 966 11 227 6357
00 966 11 794 6805
00 966 11 386 6561
00 966 11 529 6192
00 966 11 511 7008
00 966 11 485 7580
00 966 11 737 6009
00 966 11 348 5209
00 966 11 601 6113
00 966 11 690 6915
00 966 11 529 5338
00 966 11 605 6940
00 966 11 649 6233
00 966 11 668 7077
00 966 11 797 6816
00 966 11 563 7609
00 966 11 508 6613
00 966 11 271 7309
00 966 11 801 6665
00 966 11 663 6461
00 966 11 621 6497
00 966 11 536 6857
00 966 11 394 7151
00 966 11 759 5761
00 966 11 249 5131
00 966 11 722 7986
00 966 11 611 7519
00 966 11 702 7775
00 966 11 427 7800
00 966 11 681 6921
00 966 11 713 7013
00 966 11 345 5706
00 966 11 415 7708
00 966 11 266 5926
00 966 11 551 7901
00 966 11 723 7862
00 966 11 658 7120
00 966 11 512 7267
00 966 11 569 6404
00 966 11 504 7445
00 966 11 415 5281
00 966 11 680 7169
00 966 11 620 7811
00 966 11 725 6722
00 966 11 722 7478
00 966 11 620 7897
00 966 11 555 5323
00 966 11 645 7957
00 966 11 248 6914
00 966 11 779 5675
00 966 11 227 7249
00 966 11 708 7375
00 966 11 620 5854
00 966 11 414 5789
00 966 11 671 6791
00 966 11 767 7242
00 966 11 507 6565
00 966 11 563 7485
00 966 11 555 6215
00 966 11 673 6802
00 966 11 352 5269
00 966 11 486 6986
00 966 11 323 7786
00 966 11 279 5299
00 966 11 599 7253
00 966 11 625 6557
00 966 11 420 7730
00 966 11 620 5000
00 966 11 509 5722
00 966 11 243 5444
00 966 11 698 5289
00 966 11 364 5150
00 966 11 525 5960
00 966 11 373 5912
00 966 11 415 5751
00 966 11 548 8014
00 966 11 499 7213
00 966 11 277 7207
00 966 11 610 5341
00 966 11 431 6795
00 966 11 284 5705
00 966 11 398 5551
00 966 11 540 6322
00 966 11 457 6779
00 966 11 323 6722
00 966 11 589 6232
00 966 11 651 7941
00 966 11 479 7212
00 966 11 469 6488
00 966 11 701 5473
00 966 11 794 6421
00 966 11 348 7338
00 966 11 573 7269
00 966 11 586 5540
00 966 11 230 7049
00 966 11 509 6403
00 966 11 487 5289
00 966 11 689 5678
00 966 11 586 6048
00 966 11 221 6670
00 966 11 656 5834
00 966 11 269 5131
00 966 11 530 5684
00 966 11 520 7386
00 966 11 339 5128
00 966 11 363 6166
00 966 11 507 5203
00 966 11 667 7796
00 966 11 572 5437
00 966 11 230 5006
00 966 11 368 6869
00 966 11 513 7143
00 966 11 616 6006
00 966 11 314 6938
00 966 11 557 6906
00 966 11 502 7694
00 966 11 322 6079
00 966 11 467 5164
00 966 11 335 7581
00 966 11 487 5672
00 966 11 727 7922
