00 65 6317 6803
00 65 6127 2946
00 65 6219 7615
00 65 6747 1656
00 65 6705 5661
00 65 6684 5975
00 65 6618 8691
00 65 6534 5654
00 65 6303 4456
00 65 6390 2442
00 65 6604 8705
00 65 6846 2089
00 65 6863 1188
00 65 6994 6346
00 65 6925 5656
00 65 6430 4962
00 65 6133 1858
00 65 6247 7688
00 65 6332 5545
00 65 6039 4273
00 65 6864 4466
00 65 6898 4467
00 65 6574 6371
00 65 6420 6021
00 65 6806 7010
00 65 6698 2684
00 65 6403 6135
00 65 6325 8206
00 65 6709 7493
00 65 6396 8338
00 65 6568 2836
00 65 6504 8829
00 65 6323 3913
00 65 6742 3430
00 65 6819 2474
00 65 6705 5890
00 65 6398 2270
00 65 6487 1959
00 65 6906 3051
00 65 6681 5388
00 65 6684 8565
00 65 6380 1926
00 65 6578 2564
00 65 6180 5323
00 65 6931 4798
00 65 6172 1330
00 65 6587 7015
00 65 6952 3697
00 65 6889 4968
00 65 6612 6172
00 65 6681 6404
00 65 6747 6507
00 65 6307 7075
00 65 6451 6451
00 65 6612 6730
00 65 6317 3755
00 65 6937 1120
00 65 6438 8168
00 65 6128 5994
00 65 6409 1441
00 65 6528 1102
00 65 6324 1322
00 65 6980 2195
00 65 6775 5564
00 65 6829 5022
00 65 6857 7914
00 65 6918 1334
00 65 6164 6124
00 65 6592 2880
00 65 6790 1944
00 65 6693 1410
00 65 6327 1122
00 65 6565 8675
00 65 6871 5410
00 65 6053 8424
00 65 6014 4558
00 65 6499 4407
00 65 6850 8315
00 65 6749 4375
00 65 6973 6431
00 65 6145 4077
00 65 6478 8656
00 65 6531 3263
00 65 6956 4741
00 65 6251 5684
00 65 6504 4436
00 65 6149 3090
00 65 6713 5489
00 65 6568 7229
00 65 6678 1653
00 65 6353 1853
00 65 6993 6675
00 65 6846 6712
00 65 6751 6307
00 65 6892 5554
00 65 6547 6298
00 65 6835 2132
00 65 6473 8399
00 65 6518 4193
00 65 6123 2359
00 65 6285 7489
00 65 6593 5928
00 65 6980 3769
00 65 6474 8857
00 65 6946 4784
00 65 6861 4895
00 65 6027 2283
00 65 6348 7792
00 65 6568 8016
00 65 6028 3299
00 65 6411 5734
00 65 6495 5165
00 65 6901 7186
00 65 6843 7141
00 65 6880 4123
00 65 6665 6976
00 65 6694 8294
00 65 6056 6420
00 65 6186 3449
00 65 6610 3224
00 65 6699 1339
00 65 6419 7137
00 65 6077 1713
00 65 6077 7909
00 65 6664 8321
00 65 6679 7291
00 65 6304 4914
00 65 6818 3032
00 65 6341 3241
00 65 6588 4883
00 65 6618 3052
00 65 6582 2593
00 65 6478 8098
00 65 6895 5912
00 65 6767 2129
00 65 6120 4591
00 65 6827 4893
00 65 6351 8379
00 65 6502 8142
00 65 6182 7027
00 65 6136 7626
00 65 6705 2283
00 65 6573 3093
00 65 6516 7900
00 65 6156 6296
00 65 6708 1625
00 65 6730 8982
00 65 6874 5210
00 65 6638 6903
00 65 6109 4405
00 65 6723 7808
00 65 6006 4958
00 65 6330 7448
00 65 6659 8621
00 65 6302 5572
00 65 6661 5144
00 65 6983 5930
00 65 6107 4276
00 65 6217 8273
00 65 6590 3767
00 65 6347 8350
00 65 6203 5367
00 65 6217 5912
00 65 6541 6827
00 65 6172 4708
00 65 6698 1897
00 65 6054 4488
00 65 6267 4325
00 65 6208 1003
00 65 6341 7864
00 65 6477 2002
00 65 6516 2261
00 65 6204 3235
00 65 6883 5268
00 65 6235 4453
00 65 6038 6634
00 65 6912 1405
00 65 6073 8110
00 65 6080 1842
00 65 6583 7445
00 65 6081 1512
00 65 6662 6389
00 65 6760 8168
00 65 6903 2693
00 65 6461 1557
00 65 6399 6106
00 65 6026 5431
00 65 6745 6378
00 65 6801 7540
00 65 6034 5260
00 65 6629 7633
00 65 6861 8501
00 65 6853 1460
00 65 6318 1852
00 65 6317 4771
00 65 6000 7062
00 65 6365 5317
00 65 6001 1881
00 65 6841 2847
00 65 6913 8060
00 65 6088 1112
00 65 6832 3348
00 65 6951 7861
00 65 6350 1495
00 65 6773 2844
00 65 6561 4252
00 65 6397 1812
00 65 6059 1368
00 65 6168 8514
00 65 6939 2594
00 65 6929 6701
00 65 6792 5679
00 65 6024 8122
00 65 6715 4373
00 65 6297 4527
00 65 6299 4427
00 65 6091 7667
00 65 6639 7590
00 65 6251 1291
00 65 6329 3613
00 65 6119 5149
00 65 6462 2244
00 65 6541 2992
00 65 6632 1236
00 65 6859 6569
00 65 6934 2336
00 65 6916 7631
00 65 6959 3296
00 65 6058 1927
00 65 6804 5865
00 65 6128 5207
00 65 6060 7794
00 65 6469 5221
00 65 6822 2832
00 65 6926 1720
00 65 6684 4730
00 65 6841 6454
00 65 6739 7237
00 65 6059 3172
00 65 6581 8103
00 65 6924 3624
00 65 6304 1078
00 65 6279 7560
00 65 6501 7913
00 65 6468 2731
00 65 6267 6358
00 65 6334 4886
00 65 6195 2161
00 65 6222 1776
00 65 6379 5074
00 65 6976 1150
00 65 6413 4847
00 65 6938 6759
00 65 6390 3229
00 65 6953 2351
00 65 6904 5970
00 65 6364 7678
00 65 6049 6821
00 65 6016 6490
00 65 6418 3531
00 65 6252 2536
00 65 6106 5850
00 65 6915 3566
00 65 6706 3529
00 65 6350 5331
00 65 6312 6317
00 65 6400 7580
00 65 6518 3964
00 65 6410 6063
00 65 6416 6221
00 65 6221 8531
00 65 6602 2837
00 65 6180 2733
00 65 6169 3563
00 65 6128 4420
00 65 6710 6148
00 65 6411 1341
00 65 6320 4342
00 65 6871 1246
00 65 6592 3896
00 65 6853 7885
00 65 6620 6559
00 65 6200 5010
00 65 6997 2081
00 65 6256 4368
00 65 6818 8213
00 65 6865 5711
00 65 6675 6704
00 65 6370 4788
00 65 6664 7305
00 65 6616 1349
00 65 6377 7765
00 65 6945 7145
00 65 6909 1834
00 65 6202 5926
00 65 6853 3263
00 65 6731 1440
00 65 6302 5801
00 65 6375 1439
00 65 6851 7198
00 65 6478 1673
00 65 6594 1205
00 65 6884 1890
00 65 6124 1572
00 65 6936 5843
00 65 6534 2047
00 65 6478 5279
00 65 6419 8382
00 65 6854 3950
00 65 6873 6326
00 65 6908 1605
00 65 6488 1630
00 65 6984 1995
00 65 6360 4043
00 65 6925 4869
00 65 6081 3316
00 65 6075 5977
00 65 6745 1197
00 65 6277 5070
00 65 6947 3439
00 65 6876 5897
00 65 6779 3789
00 65 6715 8209
00 65 6836 7999
00 65 6139 7755
00 65 6212 1819
00 65 6989 4285
00 65 6499 6997
00 65 6612 1550
00 65 6793 1285
00 65 6850 7299
00 65 6685 6433
00 65 6046 1282
00 65 6272 8190
00 65 6046 7250
00 65 6145 4306
00 65 6192 4952
00 65 6399 4531
00 65 6328 2138
00 65 6628 6616
00 65 6798 2559
00 65 6926 4311
00 65 6446 5965
00 65 6885 3364
00 65 6615 8104
00 65 6600 5528
00 65 6149 8728
00 65 6665 8550
00 65 6393 3587
00 65 6173 6182
00 65 6189 8429
00 65 6718 4173
00 65 6882 3007
00 65 6395 4274
00 65 6315 3068
00 65 6795 4234
00 65 6832 4364
00 65 6014 5803
00 65 6277 6644
00 65 6646 6732
00 65 6993 5659
00 65 6783 8770
00 65 6824 1158
00 65 6019 1667
00 65 6115 4891
00 65 6450 3174
00 65 6708 8609
00 65 6667 3040
00 65 6947 8061
00 65 6765 3016
00 65 6677 2998
00 65 6337 8851
00 65 6241 5169
00 65 6478 6295
00 65 6483 6324
00 65 6781 1099
00 65 6746 2214
00 65 6340 3012
00 65 6874 8588
00 65 6749 1784
00 65 6211 5196
00 65 6101 7166
00 65 6601 7789
00 65 6990 8907
00 65 6388 4116
00 65 6510 8758
00 65 6415 1927
00 65 6254 4468
00 65 6025 4973
00 65 6317 5787
00 65 6064 5004
00 65 6292 2466
00 65 6874 5768
00 65 6273 4254
00 65 6299 7017
00 65 6853 8902
00 65 6683 4501
00 65 6127 2158
00 65 6870 5968
00 65 6688 5775
00 65 6203 7171
00 65 6630 5500
00 65 6527 7857
00 65 6546 7085
00 65 6184 3778
00 65 6531 4280
00 65 6020 2683
00 65 6178 2833
00 65 6377 8323
00 65 6581 4496
00 65 6099 4447
00 65 6333 7019
00 65 6530 2805
00 65 6529 4151
00 65 6513 3148
00 65 6761 1642
00 65 6394 1225
00 65 6125 1242
00 65 6014 4787
00 65 6213 8702
00 65 6719 1583
00 65 6120 1772
00 65 6351 7363
00 65 6439 2200
00 65 6255 1878
00 65 6263 3739
00 65 6273 8877
00 65 6187 4136
00 65 6751 8110
00 65 6305 5143
00 65 6532 7328
00 65 6210 4509
00 65 6959 2280
00 65 6995 3985
00 65 6876 8717
00 65 6255 1320
00 65 6628 6387
00 65 6084 6264
00 65 6057 3043
00 65 6074 8568
00 65 6507 2432
00 65 6321 1981
00 65 6823 4306
00 65 6417 8253
00 65 6348 4415
00 65 6456 5135
00 65 6926 2508
00 65 6033 6376
00 65 6900 2335
00 65 6240 5727
00 65 6114 3646
00 65 6672 8937
00 65 6912 2192
00 65 6423 1756
00 65 6138 5722
00 65 6085 5935
00 65 6135 1987
00 65 6753 7223
00 65 6748 6736
00 65 6021 3370
00 65 6320 7719
00 65 6983 4127
00 65 6694 4687
00 65 6231 7243
00 65 6215 1389
00 65 6860 6469
00 65 6726 5576
00 65 6464 7554
00 65 6571 4997
00 65 6137 4248
00 65 6594 7402
00 65 6471 2302
00 65 6138 8542
00 65 6561 3465
00 65 6048 8166
00 65 6001 5488
00 65 6666 2024
00 65 6884 2119
00 65 6838 5867
00 65 6804 7111
00 65 6905 7444
00 65 6856 6211
00 65 6713 6506
00 65 6631 5171
00 65 6605 6802
00 65 6225 5740
00 65 6425 8082
00 65 6232 5669
00 65 6516 6096
00 65 6744 6707
00 65 6723 8595
00 65 6355 6605
00 65 6388 3329
00 65 6160 7112
00 65 6356 6047
00 65 6753 5978
00 65 6971 4499
00 65 6226 4953
00 65 6076 6435
00 65 6173 1788
00 65 6015 7606
00 65 6689 6233
00 65 6631 7761
00 65 6367 8036
00 65 6269 2651
00 65 6301 8949
00 65 6772 8025
00 65 6085 6722
00 65 6485 3634
00 65 6812 3104
00 65 6250 5226
00 65 6076 3845
00 65 6411 8553
00 65 6971 2696
00 65 6813 5365
00 65 6090 5406
00 65 6799 7411
00 65 6528 5725
00 65 6212 6441
00 65 6878 1404
00 65 6397 6206
00 65 6234 2192
00 65 6197 6455
00 65 6189 5839
00 65 6956 2938
00 65 6838 6096
00 65 6518 3406
00 65 6774 8712
00 65 6227 3608
00 65 6091 7438
00 65 6925 3295
00 65 6382 8023
00 65 6958 6216
00 65 6742 4217
00 65 6168 4121
00 65 6764 1771
00 65 6900 8760
00 65 6542 2434
00 65 6997 3885
00 65 6669 3956
00 65 6803 1243
00 65 6240 8088
00 65 6162 8586
00 65 6847 4579
00 65 6417 5663
00 65 6586 3180
00 65 6413 8224
00 65 6049 1640
00 65 6492 4020
00 65 6331 1709
00 65 6499 8801
00 65 6025 1138
00 65 6778 2315
00 65 6224 1676
00 65 6172 8314
00 65 6523 1073
00 65 6025 6548
00 65 6016 1080
00 65 6180 4765
00 65 6296 7447
00 65 6983 6718
00 65 6456 5922
00 65 6275 4154
00 65 6091 2257
00 65 6401 8825
00 65 6295 6201
00 65 6205 4480
00 65 6660 7505
00 65 6031 2870
00 65 6282 7918
00 65 6722 3744
00 65 6753 5191
00 65 6621 2852
00 65 6167 1072
00 65 6574 7945
00 65 6119 1314
00 65 6923 6772
00 65 6701 7664
00 65 6512 7084
00 65 6508 1874
00 65 6685 4630
00 65 6634 1694
00 65 6286 7160
00 65 6671 4872
00 65 6659 2425
00 65 6714 5160
00 65 6646 6174
00 65 6357 8308
00 65 6593 6157
00 65 6694 8065
00 65 6343 2125
00 65 6317 2181
00 65 6238 5827
00 65 6321 8406
00 65 6125 1013
00 65 6300 8491
00 65 6345 7434
00 65 6347 4186