0331 8158782
0316 7793331
0389 7741093
0360 0628470
0311 4118902
0392 5948492
0323 7775041
0310 3492300
0374 4883662
0323 8295000
0395 0192833
0371 2595829
0323 9982534
0315 5511616
0318 1734995
0329 3409656
0317 2354077
0344 6742275
0347 4816873
0387 4327257
0376 6053563
0343 4907444
0345 4435620
0366 8221176
0393 0022572
0330 8859431
0363 9794438
0317 9896395
0388 1521380
0391 2617961
0329 3763764
0357 4179820
0384 9690421
0316 6990197
0372 4538320
0375 6365514
0375 2698433
0398 1342006
0349 6581250
0347 3516359
0360 1380694
0398 9919728
0386 4679600
0384 7776271
0350 1019201
0324 3099372
0361 9394170
0335 9751268
0365 2548626
0377 7180728
0395 9414186
0368 4280652
0358 4613061
0343 6854078
0389 4224566
0346 9550624
0387 3463557
0345 6317131
0345 3532171
0325 5939542
0382 1793029
0363 4408528
0331 2955949
0378 7378364
0335 3378698
0334 1373806
0389 6978608
0365 4930268
0344 8351543
0331 9541463
0383 9205413
0322 1107829
0380 6006436
0362 5287445
0375 3446036
0334 9104242
0331 6855123
0376 6601839
0379 4220202
0381 3285301
0311 5955503
0312 7198445
0356 6027266
0376 5319124
0381 4007649
0346 0087732
0362 1644064
0389 1183525
0337 4499948
0390 6537318
0352 6698908
0369 3350664
0351 1734793
0385 5327825
0353 8685443
0372 7784779
0369 8108685
0389 9494073
0368 3849829
0322 4692955
0399 8189689
0336 7476433
0350 1603353
0359 9980230
0336 9751061
0371 4615694
0367 2356493
0393 9917536
0315 1921697
0364 9536294
0322 6060036
0326 4150028
0385 0391852
0387 2931403
0347 5558971
0346 3593843
0349 4477014
0331 8427680
0391 2120982
0366 4271891
0321 5714808
0372 1590666
0397 5572262
0377 3761571
0347 0086094
0332 3650411
0356 4454907
0398 6306777
0326 7604800
0372 2773275
0381 0047862
0350 0020307
0347 9951999
0359 0154227
0367 1302677
0367 9416292
0310 4963763
0317 0743541
0330 1522549
0367 2937281
0326 7604800
0311 4117620
0390 0433055
0375 8670315
0333 2648966
0393 0645558
0337 9060100
0318 5947167
0370 6074177
0337 8229477
0371 0343199
0353 0562202
0364 1735919
0344 3406118
0314 1360908
0373 9234679
0336 2108587
0330 8263661
0392 0104635
0387 1108431
0361 8006809
0381 3907074
0386 9353668
0353 1433602
0313 1031983
0356 9451940
0341 4313685
0339 6012259
0333 7951507
0328 1253585
0335 1932827
0356 8649976
0386 0609214
0360 3005801
0316 2301820
0329 2610822
0391 2194190
0341 0563020
0350 3702714
0380 0790151
0396 2515485
0335 1023362
0317 6453821
0334 3142290
0326 3619138
0389 0597254
0311 0486091
0368 0340244
0373 7087882
0348 8093145
0365 2424773
0318 4304680
0379 0846420
0385 7336849
0364 0977308
0377 4931896
0331 1841008
0322 2355754
0318 7512698
0321 2821708
0339 6388448
0388 0901990
0313 2876208
0361 0993893
0345 3408517
0333 2051950
0363 2011779
0314 3700479
0364 4092085
0336 1506903
0351 7944197
0335 1427554
0345 0158219
0319 0378412
0398 1895489
0371 8091475
0355 2498829
0370 7139423
0341 1144250
0368 6573476
0341 9088974
0320 1327792
0365 1616593
0312 4330674
0335 3247653
0392 6562079
0369 3218582
0322 4976441
0311 3840376
0357 5770975
0386 9732668
0348 1477632
0352 9157140
0319 0137123
0355 7057071
0383 4911363
0370 5684967
0353 3866988
0364 6235349
0363 8358152
0315 1057294
0362 2235681
0333 7568583
0313 9416094
0389 2281559
0351 3178959
0362 5644826
0396 4193714
0310 1877748
0357 3284242
0313 7888467
0351 8767289
0360 5719339
0339 7600671
0384 5828932
0351 8120655
0326 7846661
0333 3295687
0335 4201460
0322 4772413
0343 4752326
0366 1055708
0394 9780545
0339 0875625
0390 9597019
0380 7947922
0371 5732667
0319 6561540
0328 3442113
0396 7161154
0328 1921697
0392 3945573
0313 7206255
0388 0879674
0367 6965157
0312 5632119
0335 3165950
0314 2345961
0360 2111315
0348 0491519
0381 6371600
0365 3002315
0341 9990663
0318 0022520
0386 6215855
0399 3310530
0347 6859856
0366 2262817
0349 8234401
0367 0618541
0380 7854621
0333 7579088
0327 2742978
0363 8691063
0331 2999461
0386 0109440
0331 4591102
0329 5585221
0357 0860652
0367 6504115
0348 5461933
0319 0314017
0384 2586459
0375 0675346
0333 1663139
0322 6944180
0315 5535795
0365 0238847
0380 7913724
0397 5539914
0376 6014698
0378 3122420
0387 8757105
0331 4692226
0359 0164721
0360 8930551
0312 1994026
0350 7450587
0342 1879357
0317 7436293
0398 7119264
0358 1125235
0313 6859499
0340 0083421
0393 2039099
0359 8963277
0323 4047541
0380 4560790
0342 0823532
0340 0304575
0333 9716251
0398 5401775
0399 3940294
0339 7789446
0323 3936717
0352 2230804
0340 1665681
0355 0577041
0368 2376733
0396 6791193
0395 4429123
0389 1796432
0311 2453314
0356 7354859
0380 3661532
0314 5025683
0344 9515451
0342 0034176
0324 8442605
0393 8440053
0393 6110827
0357 5033609
0352 3758946
0324 8616778
0334 5459903
0340 7716255
0324 4333158
0311 5380436
0328 3776872
0339 1449370
0381 0792893
0389 3110581
0355 8065039
0330 1824715
0351 9168737
0320 9798888
0366 1507196
0352 4018769
0359 0228876
0317 8780455
0384 9227035
0321 5057822
0331 3065529
0389 0228825
0376 4985992
0384 5609994
0339 8927795
0321 2149286
0334 6836458
0372 3117356
0338 2290911
0339 1698412
0398 1338893
0312 2466237
0353 2384026
0349 0261543
0312 8155832
0389 2900947
0398 3192008
0397 9106523
0342 2636212
0394 4102886
0326 9363734
0351 5923524
0343 7785495
0326 5790110
0311 0910577
0366 7428408
0314 0196628
0357 7158074
0376 6801401
0324 0976683
0391 6840746
0348 7260822
0383 4290552
0349 1494341
0314 2072218
0358 2202916
0344 2115146
0333 6720407
0335 6348708
0364 8791655
0341 2089149
0385 6845008
0385 6658838
0319 3994434
0381 5684091
0313 4044068
0341 7625664
0369 2364846
0366 1052763
0387 4357418
0363 6923242
0375 7645346
0363 5634137
0387 3084926
0391 5768892
0379 6495136
0348 9346610
0346 6595806
0387 5276192
0392 3299580
0328 3338289
0340 1634620
0333 9033118
0360 4164179
0317 8674158
0372 4151689
0327 2045634
0369 6973693
0399 5090879
0331 7899359
0384 6419408
0357 3411545
0349 7313654
0317 2750046
0380 0545765
0353 1666835
0337 0698377
0385 4491912
0371 2152798
0370 0045297
0312 7762939
0314 8079283
0340 7521983
0346 7037655
0346 0535330
0337 1303283
0324 9141076
0315 1719775
0390 3720867
0348 1385240
0336 4681428
0368 6320408
0358 0624174
0397 7113873
0378 3378153
0365 3559030
0325 0078104
0362 4694163
0386 4347808
0384 5555370
0387 3186569
0355 3727101
0370 2357164
0359 0009063
0365 3180416
0370 0715929
0310 2049412
0377 1667105
0386 0166212
0348 9549534
0369 6556138
0388 4913286
0337 5001971
0326 0394222
0346 5756832
0386 8878385
0385 4250976
0392 0825714
0398 6603394
0388 0660720
0380 8628273
0331 1692049
0391 6225993
0334 2885040
0350 6556165
0329 2382852
0399 5439016
0363 4321937
0377 7697361
0365 8088399
0373 1008946
0375 2480360
