00 94 81 7 214302
00 94 81 5 269969
00 94 81 6 217304
00 94 81 3 374857
00 94 81 8 276432
00 94 81 7 418563
00 94 81 3 383595
00 94 81 4 328275
00 94 81 3 401261
00 94 81 4 419511
00 94 81 8 321339
00 94 81 4 360573
00 94 81 1 265182
00 94 81 3 466977
00 94 81 9 224699
00 94 81 8 407028
00 94 81 7 321244
00 94 81 9 237356
00 94 81 4 287840
00 94 81 5 402920
00 94 81 1 245841
00 94 81 4 442580
00 94 81 8 446041
00 94 81 3 283527
00 94 81 9 233137
00 94 81 2 241275
00 94 81 3 375694
00 94 81 7 243013
00 94 81 1 218410
00 94 81 1 345372
00 94 81 2 270965
00 94 81 7 216656
00 94 81 1 395825
00 94 81 9 431267
00 94 81 5 326016
00 94 81 1 398622
00 94 81 8 441775
00 94 81 4 434237
00 94 81 8 217241
00 94 81 4 465302
00 94 81 9 291538
00 94 81 3 289563
00 94 81 1 397689
00 94 81 5 351977
00 94 81 4 398164
00 94 81 3 450291
00 94 81 8 284870
00 94 81 2 252809
00 94 81 8 438045
00 94 81 2 333932
00 94 81 9 331831
00 94 81 1 361963
00 94 81 8 346462
00 94 81 7 393534
00 94 81 2 214966
00 94 81 9 355832
00 94 81 4 317578
00 94 81 7 305490
00 94 81 3 387324
00 94 81 6 428581
00 94 81 2 286671
00 94 81 8 263965
00 94 81 9 266414
00 94 81 8 256602
00 94 81 8 447905
00 94 81 8 463122
00 94 81 9 305285
00 94 81 4 292944
00 94 81 3 218790
00 94 81 5 320470
00 94 81 9 439215
00 94 81 8 214002
00 94 81 2 311258
00 94 81 5 289057
00 94 81 8 344598
00 94 81 2 213939
00 94 81 3 401703
00 94 81 7 304163
00 94 81 4 215598
00 94 81 9 228033
00 94 81 4 425405
00 94 81 8 301066
00 94 81 2 246378
00 94 81 1 450449
00 94 81 2 317641
00 94 81 6 215045
00 94 81 1 372218
00 94 81 2 298696
00 94 81 4 272576
00 94 81 7 240263
00 94 81 8 269511
00 94 81 1 225821
00 94 81 8 225489
00 94 81 1 312000
00 94 81 2 391306
00 94 81 4 425989
00 94 81 2 370543
00 94 81 3 365534
00 94 81 8 413996
00 94 81 2 316709
00 94 81 2 337811
00 94 81 8 411492
00 94 81 8 470382
00 94 81 9 464931
00 94 81 2 369856
00 94 81 9 378309
00 94 81 5 319387
00 94 81 1 370061
00 94 81 8 213804
00 94 81 8 270293
00 94 81 7 336263
00 94 81 7 297440
00 94 81 9 322705
00 94 81 4 281607
00 94 81 1 456288
00 94 81 9 441229
00 94 81 1 372953
00 94 81 2 347529
00 94 81 5 355856
00 94 81 3 218940
00 94 81 2 299825
00 94 81 9 403338
00 94 81 6 229131
00 94 81 5 342504
00 94 81 8 297487
00 94 81 6 384314
00 94 81 2 270277
00 94 81 5 229432
00 94 81 8 301216
00 94 81 8 225734
00 94 81 1 414573
00 94 81 8 332771
00 94 81 9 246291
00 94 81 3 380648
00 94 81 9 338412
00 94 81 4 328915
00 94 81 9 326877
00 94 81 8 266564
00 94 81 5 235957
00 94 81 8 412029
00 94 81 5 219366
00 94 81 2 336531
00 94 81 6 301374
00 94 81 1 258506
00 94 81 5 376808
00 94 81 2 266943
00 94 81 9 469940
00 94 81 6 321394
00 94 81 6 216712
00 94 81 4 251964
00 94 81 2 418049
00 94 81 4 277088
00 94 81 6 451010
00 94 81 6 226872
00 94 81 3 339865
00 94 81 2 319751
00 94 81 2 238328
00 94 81 7 385831
00 94 81 8 429552
00 94 81 5 384662
