00 41 31 525 66 50
00 41 28 668 69 32
00 41 30 656 61 50
00 41 31 861 69 74
00 41 37 690 71 73
00 41 30 920 73 69
00 41 43 713 71 18
00 41 36 570 57 22
00 41 34 732 74 33
00 41 35 668 72 36
00 41 43 618 74 43
00 41 39 568 72 38
00 41 29 758 68 35
00 41 28 657 73 73
00 41 41 507 70 51
00 41 31 808 70 68
00 41 39 768 55 20
00 41 27 889 57 65
00 41 36 896 57 43
00 41 29 773 69 52
00 41 28 762 73 47
00 41 32 847 62 70
00 41 28 753 57 18
00 41 32 464 70 49
00 41 32 740 63 58
00 41 43 529 69 30
00 41 36 593 68 36
00 41 42 914 73 58
00 41 34 701 65 53
00 41 43 454 58 60
00 41 40 934 71 36
00 41 41 572 58 22
00 41 32 646 59 31
00 41 31 622 68 45
00 41 42 742 66 21
00 41 27 473 64 57
00 41 28 575 65 51
00 41 43 515 61 43
00 41 41 534 73 47
00 41 38 616 73 47
00 41 39 488 63 54
00 41 43 650 55 54
00 41 37 826 71 57
00 41 36 485 63 49
00 41 29 902 73 42
00 41 31 510 72 19
00 41 30 586 62 51
00 41 41 596 56 64
00 41 35 782 74 71
00 41 44 613 70 54
00 41 39 846 64 28
00 41 34 949 70 34
00 41 37 647 68 25
00 41 27 958 70 45
00 41 44 573 59 47
00 41 34 510 66 74
00 41 37 495 73 22
00 41 33 511 72 48
00 41 29 801 65 50
00 41 39 831 64 69
00 41 34 844 70 60
00 41 29 824 56 64
00 41 29 496 63 36
00 41 33 877 64 18
00 41 28 660 59 23
00 41 30 862 62 34
00 41 44 691 73 64
00 41 33 649 65 39
00 41 37 460 60 29
00 41 37 626 69 18
00 41 39 871 55 18
00 41 39 663 69 72
00 41 44 761 73 18
00 41 33 631 59 71
00 41 30 517 69 71
00 41 33 919 74 60
00 41 30 528 57 49
00 41 35 880 70 22
00 41 37 664 74 51
00 41 34 901 61 60
00 41 30 797 74 63
00 41 43 853 63 43
00 41 41 795 72 71
00 41 40 608 71 73
00 41 28 532 62 61
00 41 39 552 58 19
00 41 42 910 61 18
00 41 35 557 62 41
00 41 42 768 63 43
00 41 42 493 55 66
00 41 41 492 62 64
00 41 36 748 55 21
00 41 34 471 55 67
00 41 32 677 74 67
00 41 36 575 55 36
00 41 43 665 69 73
00 41 42 674 59 74
00 41 29 585 55 23
00 41 29 641 60 50
00 41 39 825 66 20
00 41 29 862 55 65
00 41 32 737 58 50
00 41 37 691 57 47
00 41 40 709 65 39
00 41 31 880 69 43
00 41 43 566 68 43
00 41 31 551 63 72
00 41 42 687 61 41
00 41 42 573 58 64
00 41 42 578 63 52
00 41 43 817 71 62
00 41 38 627 69 63
00 41 28 637 55 54
00 41 43 703 55 60
00 41 29 938 65 22
00 41 35 679 74 27
00 41 42 556 58 70
00 41 27 941 63 65
00 41 44 913 67 67
00 41 33 844 57 46
00 41 31 847 68 57
00 41 31 775 69 69
00 41 34 744 56 24
00 41 34 606 56 63
00 41 31 475 65 70
00 41 37 723 72 71
00 41 35 945 71 65
00 41 36 480 72 21
00 41 41 475 69 52
00 41 44 783 71 71
00 41 28 485 74 18
00 41 40 468 64 35
00 41 44 846 60 62
00 41 35 956 67 70
00 41 32 912 63 55
00 41 27 569 74 47
00 41 40 555 58 41
00 41 28 726 60 66
00 41 29 678 59 62
00 41 34 782 61 57
00 41 29 635 62 47
00 41 41 609 70 61
