00 66 2 422 9201
00 66 2 570 9192
00 66 2 497 9177
00 66 2 584 8997
00 66 2 561 9077
00 66 2 454 9092
00 66 2 414 9230
00 66 2 427 9140
00 66 2 618 9091
00 66 2 339 9023
00 66 2 501 9281
00 66 2 634 9253
00 66 2 406 8944
00 66 2 335 9292
00 66 2 471 9119
00 66 2 293 9232
00 66 2 635 8951
00 66 2 341 8953
00 66 2 629 9059
00 66 2 519 8970
00 66 2 391 9008
00 66 2 255 9164
00 66 2 466 8996
00 66 2 399 9205
00 66 2 385 9009
00 66 2 381 8976
00 66 2 287 9245
00 66 2 645 8990
00 66 2 515 9269
00 66 2 619 9128
00 66 2 396 9280
00 66 2 341 9060
00 66 2 274 9263
00 66 2 460 9091
00 66 2 287 8996
00 66 2 606 8891
00 66 2 373 8886
00 66 2 615 9183
00 66 2 264 9130
00 66 2 524 9218
00 66 2 303 9294
00 66 2 576 9298
00 66 2 631 9155
00 66 2 402 9095
00 66 2 370 9121
00 66 2 648 8910
00 66 2 474 8967
00 66 2 542 9257
00 66 2 472 9102
00 66 2 324 9176
00 66 2 504 8881
00 66 2 439 9180
00 66 2 507 9132
00 66 2 314 9150
00 66 2 620 9212
00 66 2 395 9178
00 66 2 374 9107
00 66 2 517 9147
00 66 2 315 9014
00 66 2 311 9147
00 66 2 378 8920
00 66 2 424 9061
00 66 2 297 9023
00 66 2 490 8981
00 66 2 416 8888
00 66 2 341 9209
00 66 2 467 9133
00 66 2 424 8995
00 66 2 388 8905
00 66 2 573 9064
00 66 2 317 9241
00 66 2 419 9086
00 66 2 597 9287
00 66 2 610 8942
00 66 2 557 9240
00 66 2 372 9146
00 66 2 537 9087
00 66 2 353 9159
00 66 2 273 9025
00 66 2 589 9072
00 66 2 512 9042
00 66 2 511 9189
00 66 2 583 8913
00 66 2 562 9179
00 66 2 421 9046
00 66 2 577 8925
00 66 2 572 9218
00 66 2 595 8941
00 66 2 567 8994
00 66 2 450 9106
00 66 2 545 8993
00 66 2 586 9093
00 66 2 444 9202
00 66 2 433 9205
00 66 2 401 8976
00 66 2 435 9111
00 66 2 355 9143
00 66 2 426 9116
00 66 2 444 9060
00 66 2 446 8889
00 66 2 606 9134
00 66 2 328 9155
00 66 2 573 9142
00 66 2 516 9164
00 66 2 424 9007
00 66 2 272 9131
00 66 2 519 9131
00 66 2 468 9104
00 66 2 572 9135
00 66 2 311 9188
00 66 2 520 9006
00 66 2 448 9265
00 66 2 501 8943
00 66 2 512 9006
00 66 2 453 8932
00 66 2 337 9133
00 66 2 516 9169
00 66 2 367 8899
00 66 2 625 9222
00 66 2 438 9025
00 66 2 514 9287
00 66 2 587 9183
00 66 2 527 8930
00 66 2 650 9255
00 66 2 396 9190
00 66 2 258 8912
00 66 2 464 9213
00 66 2 465 9298
00 66 2 464 9196
00 66 2 497 9242
00 66 2 334 9125
00 66 2 595 9048
00 66 2 618 9198
00 66 2 390 9227
00 66 2 442 8981
00 66 2 531 9241
00 66 2 351 9092
00 66 2 648 9183
00 66 2 281 9097
00 66 2 578 8932
00 66 2 372 9193
00 66 2 358 9003
00 66 2 560 8946
00 66 2 634 9277
00 66 2 580 8975
00 66 2 635 9005
00 66 2 367 9266
00 66 2 599 8909
00 66 2 467 9175
00 66 2 566 9082
00 66 2 411 9109
00 66 2 370 8985
00 66 2 339 9266
00 66 2 456 9130
00 66 2 593 9212
00 66 2 658 8978
00 66 2 500 9143
00 66 2 609 9042
00 66 2 403 9048
00 66 2 550 9205
00 66 2 441 9123
00 66 2 518 9136
00 66 2 552 8934
00 66 2 350 9139
00 66 2 468 9099
00 66 2 488 8884
00 66 2 533 9184
00 66 2 362 9096
00 66 2 480 8966
00 66 2 416 9024
00 66 2 651 9274
00 66 2 485 8971
00 66 2 374 9041
00 66 2 607 9029
00 66 2 397 9097
00 66 2 618 9079
00 66 2 455 9218
00 66 2 555 9215
00 66 2 483 8969
00 66 2 659 8895
00 66 2 622 8970
00 66 2 562 9055
00 66 2 401 9207
00 66 2 506 9155
00 66 2 367 9035
00 66 2 528 9287
00 66 2 455 9283
00 66 2 464 8911
00 66 2 400 8886
00 66 2 352 8963
00 66 2 545 9093
00 66 2 432 8901
00 66 2 621 9260
00 66 2 337 9240
00 66 2 567 8952
00 66 2 308 9020
00 66 2 522 9210
00 66 2 382 9173
00 66 2 421 9177
00 66 2 396 9161
00 66 2 406 9051
00 66 2 387 9076
00 66 2 412 9240
00 66 2 595 9220
00 66 2 579 9099
00 66 2 654 9265
00 66 2 438 9037
00 66 2 398 9092
00 66 2 534 9250
00 66 2 271 9214
00 66 2 397 8883
00 66 2 515 9092
00 66 2 574 8976
00 66 2 355 9238
00 66 2 594 9094
00 66 2 438 9114
00 66 2 598 9014
00 66 2 397 9233
00 66 2 521 9144
00 66 2 473 9055
00 66 2 504 9260
00 66 2 297 9093
00 66 2 483 8928
00 66 2 517 9229
00 66 2 598 9187
00 66 2 358 9134
00 66 2 379 9182
00 66 2 469 9111
00 66 2 372 9110
00 66 2 480 9251
00 66 2 513 8959
00 66 2 633 9015
00 66 2 535 8925
