00 90 212 490 69 18
00 90 212 473 5 8
00 90 212 501 11 14
00 90 212 488 55 2
00 90 212 520 17 8
00 90 212 507 46 7
00 90 212 479 42 6
00 90 212 507 60 8
00 90 212 514 10 10
00 90 212 494 63 13
00 90 212 501 67 5
00 90 212 511 73 14
00 90 212 484 52 13
00 90 212 523 31 18
00 90 212 490 68 14
00 90 212 500 47 8
00 90 212 474 27 16
00 90 212 508 38 5
00 90 212 475 66 9
00 90 212 513 53 3
00 90 212 495 16 7
00 90 212 471 59 2
00 90 212 517 46 12
00 90 212 482 43 4
00 90 212 523 60 3
00 90 212 464 27 9
00 90 212 508 29 15
00 90 212 513 12 7
00 90 212 501 6 12
