00 84 8 6057 5364
00 84 8 5120 6621
00 84 8 4630 5213
00 84 8 6048 4571
00 84 8 4262 6716
00 84 8 4286 6289
00 84 8 5802 5809
00 84 8 5011 7047
00 84 8 3916 5062
00 84 8 4746 6102
00 84 8 4402 5720
00 84 8 6197 6684
00 84 8 4401 5046
00 84 8 5884 5396
00 84 8 4761 6937
00 84 8 4039 5471
00 84 8 5098 6004
00 84 8 4605 6162
00 84 8 6261 6143
00 84 8 5341 5398
00 84 8 5390 4620
00 84 8 5240 5084
00 84 8 5809 5329
00 84 8 4535 5801
00 84 8 4657 5536
00 84 8 4696 6804
00 84 8 5260 6484
00 84 8 5953 6018
00 84 8 4756 5437
00 84 8 4828 5352
00 84 8 3996 6292
00 84 8 4027 5385
00 84 8 5067 6312
00 84 8 5018 5372
00 84 8 3872 6742
00 84 8 5560 5893
00 84 8 4972 4845
00 84 8 4648 6201
00 84 8 4270 4518
00 84 8 4987 6877
00 84 8 3853 5679
00 84 8 5573 4521
00 84 8 4571 6917
00 84 8 4163 5021
00 84 8 6039 5497
00 84 8 4700 4976
00 84 8 4157 5315
00 84 8 4942 4968
00 84 8 5963 6289
00 84 8 3885 6903
00 84 8 4884 7009
00 84 8 4234 6056
00 84 8 5482 4739
00 84 8 4984 6986
00 84 8 6133 6029
00 84 8 3893 4967
00 84 8 3976 5490
00 84 8 4904 4560
00 84 8 4810 7018
00 84 8 5774 6345
00 84 8 5775 5225
00 84 8 5500 6922
00 84 8 5247 6660
00 84 8 4312 6873
00 84 8 5313 5934
00 84 8 6154 5450
00 84 8 4350 6944
00 84 8 3835 5887
00 84 8 4445 6954
00 84 8 6247 4786
00 84 8 3975 4555
00 84 8 6200 5379
00 84 8 5027 4969
00 84 8 5162 6920
00 84 8 5977 6787
00 84 8 5839 4684
00 84 8 3966 4621
00 84 8 4753 5883
00 84 8 4790 5020
00 84 8 4609 5792
00 84 8 5591 5247
00 84 8 4402 6318
00 84 8 4744 6548
00 84 8 4364 5387
00 84 8 4337 6185
00 84 8 5965 4908
00 84 8 5219 5402
00 84 8 4487 5459
00 84 8 4532 6769
00 84 8 3874 6296
00 84 8 5598 6225
00 84 8 4358 5345
00 84 8 5558 6339
00 84 8 4934 4513
00 84 8 5262 5701
00 84 8 5834 7033
00 84 8 4323 6882
00 84 8 6052 6854
00 84 8 6065 5820
00 84 8 5821 4556
00 84 8 5660 7065
00 84 8 3964 4545
00 84 8 5461 7112
00 84 8 5115 4599
00 84 8 6165 6655
00 84 8 4657 4938
00 84 8 6149 6940
00 84 8 5296 6143
00 84 8 5026 5230
00 84 8 6026 4813
00 84 8 6122 5421
00 84 8 4607 6836
00 84 8 4100 4778
00 84 8 4980 6160
00 84 8 4761 4545
00 84 8 4903 6017
00 84 8 5243 4638
00 84 8 5846 5662
00 84 8 3922 6301
00 84 8 5567 5674
00 84 8 5360 6798
00 84 8 5534 5309
00 84 8 5460 4720
00 84 8 5980 5145
00 84 8 3835 5289
00 84 8 5898 7091
00 84 8 6284 7098
00 84 8 5522 6419
00 84 8 4997 4755
00 84 8 3847 5038
00 84 8 5773 4812
00 84 8 6051 6180
00 84 8 5752 4532
00 84 8 6182 6447
00 84 8 5785 5158
00 84 8 4473 6418
00 84 8 5484 6609
00 84 8 4865 5348
00 84 8 5699 4821
00 84 8 5117 6469
00 84 8 6046 5017
00 84 8 4224 6383
00 84 8 4899 5789
00 84 8 4892 5670
00 84 8 4347 7053
00 84 8 6115 6238
00 84 8 5239 4747
00 84 8 5652 6012
00 84 8 4716 6747
00 84 8 4972 6900
00 84 8 6101 6337
00 84 8 4306 6830
00 84 8 4060 6088
00 84 8 5123 5055
00 84 8 4392 4590
00 84 8 5182 4808
00 84 8 4236 7067
00 84 8 5951 5344
00 84 8 4443 6802
00 84 8 5189 4590
00 84 8 4625 6367
00 84 8 4364 7105
00 84 8 5633 7004
00 84 8 6181 5512
00 84 8 4607 5977
00 84 8 4689 7022
00 84 8 4871 4531
00 84 8 5067 6910
00 84 8 6039 5236
00 84 8 3836 7083
00 84 8 4013 6681
00 84 8 6175 5469
00 84 8 5828 6131
00 84 8 6133 6627
00 84 8 4914 4831
00 84 8 3940 5831
00 84 8 5830 5348
00 84 8 6014 4989
00 84 8 4481 6276
00 84 8 5164 4680
00 84 8 5426 4876
00 84 8 5334 6812
00 84 8 4569 5047
00 84 8 4282 6659
00 84 8 3998 6705
00 84 8 5950 6127
00 84 8 4561 5787
00 84 8 5622 5798
00 84 8 5874 4865
00 84 8 4768 4925
00 84 8 3839 5180
00 84 8 6092 6740
00 84 8 5490 6652
00 84 8 6118 5193
00 84 8 4256 5216
00 84 8 5075 6170
00 84 8 4699 6097
00 84 8 4433 6271
00 84 8 5195 5231
00 84 8 4424 6076
00 84 8 3911 6123
00 84 8 4750 6422
00 84 8 5539 6901
00 84 8 5457 7052
00 84 8 4843 6617
00 84 8 4575 4921
00 84 8 5456 5519
00 84 8 5118 4920
00 84 8 4828 5184
00 84 8 3917 5307
00 84 8 4117 5858
00 84 8 3987 5668
00 84 8 5721 6465
00 84 8 4632 6915
00 84 8 5851 4601
00 84 8 3919 5980
00 84 8 4430 4493
00 84 8 6100 6430
00 84 8 5092 6391
00 84 8 4295 5195
00 84 8 5285 6563
00 84 8 5230 5841
00 84 8 6169 5258
00 84 8 4497 5300
00 84 8 5192 6704
00 84 8 3876 4485
00 84 8 5989 5845
00 84 8 3907 5634
00 84 8 6008 6908
00 84 8 3895 7005
00 84 8 3935 4837
00 84 8 4380 5532
00 84 8 4640 6511
00 84 8 4667 4779
00 84 8 4336 6875
00 84 8 5298 6985
00 84 8 5418 4850
00 84 8 5575 5103
00 84 8 4098 5991
00 84 8 6041 6676
00 84 8 5248 6567
00 84 8 6000 4659
00 84 8 5079 6827
00 84 8 5992 6595
00 84 8 5987 5693
00 84 8 5323 5438
00 84 8 4184 6067
00 84 8 4532 6079
