00 260 21 1356324
00 260 21 1258911
00 260 21 1275484
00 260 21 1306180
00 260 21 1309928
00 260 21 1358981
00 260 21 1289328
00 260 21 1277387
00 260 21 1297284
00 260 21 1361370
00 260 21 1299373
00 260 21 1292182
00 260 21 1343429
00 260 21 1362642
00 260 21 1302041
00 260 21 1304071
00 260 21 1301727
00 260 21 1287690
00 260 21 1350980
00 260 21 1323783
00 260 21 1311660
00 260 21 1347526
00 260 21 1328166
00 260 21 1304825
00 260 21 1341040
00 260 21 1352597
00 260 21 1287247
00 260 21 1257926
00 260 21 1300456
00 260 21 1285022
00 260 21 1339091
00 260 21 1365485
00 260 21 1272166
00 260 21 1298587
00 260 21 1308454
00 260 21 1294892
00 260 21 1281204
00 260 21 1260965
00 260 21 1306205
00 260 21 1342992
00 260 21 1295384
00 260 21 1325941
00 260 21 1271544
00 260 21 1291623
00 260 21 1339741
