10778021453037
10778021788043
10778021651048
10778021276047
10778021122049
10778021571036
10778021555040
10778021116030
10778021403028
10778021906021
10778021309035
10778021167034
10778021303012
10778021299027
10778021416024
10778021363022
10778021245008
10778021120006
10778021865009
10778021971003
10778021504041
10778021781017
10778021262038
10778021779042
10778021231007
10778021575039
10778021111045
10778021111044
10778021561005
10778021606046
10778021926031
10778021910032
10778021840033
10778021746001
10778021603018
10778021656023
10778021955020
10778021683002
10778021653026
10778021594029
10778021792016
10778021555025
10778021420013
10778021312004
10778021230014
10778021104019
10778021968011
10778021891010
10778021724000
10778021562015
10778022283092
10778022530081
10778022665098
10778022938099
10778022914080
10778022845097
10778022583083
10778022612095
10778022426085
10778022658093
10778022318084
10778022363076
10778022101077
10778022498079
10778022257094
10778022797090
10778022622091
10778022128088
10778022848082
10778022511087
10778022434086
10778022186089
10778022788096
10778022306061
10778022114068
10778022153078
10778022679075
10778022818065
10778022786056
10778022645072
10778022898070
10778022467067
10778022738058
10778022163059
10778022904060
10778022866071
10778022925057
10778022146074
10778022103066
10778022814073
10778022596055
10778022915069
10778022119062
10778022273054
10778022723063
10778022613064
10778022777052
10778023926158
10778022600053
10778023318166
10778022595051
10778023686165
10778023309167
10778023118174
10778023216161
10778022240050
10778023834162
10778023336169
10778023340173
10778023780164
10778023672172
10778023829168
10778023364170
10778023655171
10778023210160
10778023799159
10778023104163
10778023228148
10778023279147
10778023622156
10778023594137
10778023844139
10778023956141
10778023552140
10778023445138
10778023247143
10778023923155
10778023560151
10778023891144
10778023677150
10778023193152
10778023342153
10778023278145
10778023386157
10778023222154
10778023132149
10778023829142
10778023438146
10778023175116
10778023849117
10778023198118
10778023995135
10778023665120
10778023755123
10778023597132
10778023582133
10778023335136
10778023416131
10778023116129
10778023935127
10778023315125
10778023430124
10778023514121
10778023426134
10778023552130
10778023996126
10778023274122
10778023858119
10778023309128
10778023875112
10778024363246
10778023304100
10778024971244
10778023781104
10778023775106
10778023568101
10778024638245
10778024920249
10778023903107
10778023394114
10778023212102
10778023367108
10778023675115
10778024496248
10778023187109
10778023203113
10778023252103
10778023728111
10778024258247
10778023996105
10778023381110
10778024719230
10778024190225
10778024128241
10778024892242
10778024887224
10778024712237
10778024723236
10778024331243
10778024867223
10778024577226
10778024467232
10778024760228
10778024152233
10778024783229
10778024280227
10778024152231
10778024827239
10778024703234
10778024112240
10778024923235
10778024411238
10778024446218
10778024225222
10778024509215
10778024754216
10778024830220
10778024153221
10778024837217
10778024887219
10778024132213
10778024441207
10778024175214
10778024476204
10778024330196
10778024608212
10778024383201
10778024680208
10778024856200
10778024680206
10778024918202
10778024975199
10778024780205
10778024738211
10778024250209
10778024307198
10778024828210
10778024574197
10778024233203
10778024949177
10778024317183
10778024730190
10778024924182
10778024570181
10778024229176
10778024933189
10778024710175
10778024733178
10778024343188
10778024165191
10778024203195
10778024848192
10778024976193
10778024408194
10778024633186
10778024121184
10778024268180
10778024735187
10778024482185
10778024144179
10778024918315
10778024907303
10778024586307
10778024460323
10778024660305
10778024938318
10778024899319
10778024100306
10778024201313
10778024132322
10778024312309
10778024701320
10778024262304
10778024520311
10778024209310
10778024575317
10778024271308
10778024790324
10778024577314
10778024988312
10778024219321
10778024227316
10778024883301
10778024716288
10778024181284
10778024634286
10778024544290
10778024125300
10778024393298
10778024835295
10778024582299
10778024646283
10778024909296
10778024338297
10778024797282
10778024878287
10778024429292
10778024892285
10778024684293
10778024137289
10778024626302
10778024219291
10778024275294
10778024375278
10778024686281
10778024167272
10778024902269
10778024640262
10778024227265
10778024230273
10778026822401
10778026496402
10778026915404
10778026371405
10778026997408
10778026622409
10778026479410
10778026748411
10778026536412
10778026687413
10778026186414
10778026243415
10778026774416
10778026580417
10778026564418
10778026601419
10778026635420
10778026485421
10778026965422
10778026648423
10778026791424
10778026392425
10778026389426
10778026154427
10778026781428
10778026575429
10778026986430
10778026734431
10778026698432
10778026534433
10778026957434
10778026732435
10778026710436
10778026473437
10778026248438
10778026109439
10778026882440
10778026704441
10778026887442
10778026320443
10778026555444
10778026549445
10778026673446
10778026100447
10778026226448
10778026815449
10778025597325
10778025482326
10778025643327
10778025217328
10778025846329
10778025912330
10778025136331
10778025544332
10778025229333
10778025134334
10778025163335
10778025657336
10778025460337
10778025336338
10778025311339
10778025210340
10778025919341
10778025953342
10778025835343
10778025882344
10778025809345
10778025488346
10778025548347
10778025723348
10778025655349
10778025212350
10778025624351
10778025129352
10778025494353
10778025940354
10778025919355
10778025327356
10778025968357
10778025226358
10778025567359
10778025628360
10778025118361
10778025293362
10778025475363
10778025831364
10778025604365
10778025459366
10778025837367
10778025791368
10778025157369
10778025111370
10778025673371
10778025974372
10778025700373
10778025463374
10778025177375
10778025604376
10778025713377
10778025136378
10778025953379
10778025316380
10778025993381
10778025243382
10778025227383
10778025706384
10778025738385
10778025438386
10778025627387
10778025762388
10778025151389
10778025155390
10778025971391
10778025351392
10778025441393
10778025668394
10778025912395
10778025896396
10778025759397
10778025656398
10778025429399
10778024361250
10778024109251
10778024665252
10778024437253
10778024633254
10778024349255
10778024292256
10778024183257
10778024202258
10778024994259
10778024200260
10778024231261
10778024544263
10778024630264
10778024537266
10778024707267
10778024242268
10778024790270
10778024271271
10778024206274
10778024238275
10778024613276
10778024689277
10778024371279
10778024668280
10778026520406
10778026626407
10778026143403
10778026396400
10778027962497
10778027582494
10778027848499
10778027517496
10778027113498
10778027652495
10778027196488
10778027955493
10778027469492
10778027503487
10778027751489
10778027400490
10778027181491
10778027912486
10778027803465
10778027229473
10778027433480
10778027786469
10778027533474
10778027131468
10778027769467
10778027884481
10778027293471
10778027890485
10778027475466
10778027100482
10778027868476
10778027353477
10778027619472
10778027720475
10778027263479
10778027846483
10778027885470
10778027459457
10778027222478
10778027711454
10778027379463
10778027615453
10778027964450
10778027579455
10778027202461
10778027874458
10778027393451
10778027889456
10778027546462
10778027996464
10778027305460
10778027811459
10778027792452
