6
9
15
23
44
50
79
90
92
166
173
176
260
303
317
499
533
540
544
626
681
692
696
704
716
727
731
761
765
774
853
865
911
916
932
943
947
1007
1043
1051
1077
1082
1106
1109
1115
1126
1134
1168
1173
1176
1256
1263
1269
1270
1271
1307
1322
1404
1407
1408
1447
1464
1465
1466
1472
1481
1485
1489
1492
1505
1507
1517
1522
1529
1568
1584
1586
1588
1591
1616
1617
1626
1631
1634
1659
1674
1799
1911
1934
1968
1974
2035
2111
2180
2188
2222
2229
2232
2234
2244
2247
2252
2291
2299
2305
2306
2334
2335
2359
2361
2362
2364
2394
2441
2443
2444
2446
2490
2524
2535
2564
2571
2622
2673
2688
2689
2700
2711
2717
2732
2777
2818
2824
2829
2830
2832
2833
2835
2840
2841
2844
2846
2848
2855
2875
2893
2937
2947
2966
2972
3002
3005
3006
3030
3079
3081
3084
3088
3090
3093
3103
3105
3114
3158
3178
3349
3381
3396
3397
3402
3441
3447
3465
3487
3534
3592
3594
3606
3625
3628
3630
3634
3659
3692
3695
3722
3745
3748
3753
3759
3766
3768
3795
3859
3863
3892
3904
3905
3907
3951
3991
4014
4019
4021
4023
4045
4079
4088
4096
4134
4153
4172
4185
4189
4196
4200
4239
4272
4275
4295
4316
4329
4332
4354
4358
4362
4366
4368
4373
4375
4382
4386
4427
4476
4500
4531
4542
4543
4547
4561
4623
4627
4639
4650
4662
4686
4693
4700
4705
4712
4716
4719
4721
4724
4726
4731
4746
4752
4757
4768
4796
4806
4829
4849
4898
4903
4932
4949
4961
4989
5050
5095
5127
5235
5239
5261
5275
5276
5288
5292
5297
5308
5336
5353
5358
5387
5389
5390
5425
5438
5447
5467
5480
5481
5489
5526
5553
5560
5576
5597
5616
5661
5666
5673
5726
5732
5739
5743
5770
5843
5846
5849
5857
5893
5928
5963
5968
5979
5988
6011
6016
6033
6097
6098
6099
6101
6106
6107
6109
6110
6112
6135
6170
6191
6195
6206
6212
6234
6255
6260
6271
6272
6279
6294
6300
6372
6379
6383
6392
6400
6404
6433
6442
6445
6468
6473
6481
6487
6488
6496
6514
6523
6539
6604
6643
6647
6662
6666
6672
6688
6695
6697
6707
6713
6722
6755
6757
6760
6767
6789
6791
6794
6795
6798
6799
6810
6813
6815
6830
6831
6837
6844
6845
6858
6906
6921
6940
6944
6945
6972
7004
7036
7037
7051
7072
7084
7088
7090
7094
7138
7142
7167
7192
7238
7260
7267
7296
7313
7314
7328
7377
7381
7393
7419
7449
7455
7493
7859
7916
8161
8493
8531
8619
8769
8792
8842
8937
8938
8947
9017
9018
9029
9081
9123
9142
9150
9159
9169
9181
9191
9207
9260
9275
9291
9302
9341
9346
9348
9350
9366
9370
9374
9381
9391
9399
9409
9440
9447
9474
9487
9503
9515
9551
9559
9566
9573
9577
9585
9589
9630
9638
9643
9647
9655
9659
9662
9666
9668
9676
9677
9684
9694
9695
9696
9698
9711
9718
9747
9781
9782
9843
9858
10474
10619
10647
10669
10670
10720
10723
10736
10739
10917
11037
11038
11152
11438
11533
11568
11602
11744
11745
11932
11936
12025
12333
12447
12571
12908
12914
13036
13089
13097
13575
13697
13711
13801
14206
14247
14256
14359
14462
14463
14611
14781
14856
14859
14895
14974
15043
15108
15131
15219
15268
15340
15343
15731
15759
15832
15842
15989
16015
16069
16164
16706
17028
17327
17452
17461
17638
17655
17966
18276
18277
18318
19017
19019
19358
19800
19828
19830
19948
20076
20209
20731
20756
20916
20918
20942
21001
21008
21459
21616
21703
21730
22008
22089
22148
22340
22521
22672
22926
23105
23548
24190
24593
24596
24915
25185
25267
25531
25610
25688
26027
26096
26148
26456
26579
26917
26968
27088
27400
27445
27513
27892
27980
28102
28104
28295
28316
28445
28556
28696
28752
28760
28776
28831
28874
28898
28967
29130
29251
29304
29305
29444
29450
29568
29625
29958
29962
29969
29970
29974
29997
30001
30021
30035
30040
30043
30049
30051
30063
30066
30074
30076
30078
30099
30115
30117
30119
30228
30329
30523
30693
30941
30958
31012
31163
31430
31491
31544
31546
31604
31706
32087
32249
32311
32573
32826
33230
33587
33624
33684
33685
33688
33690
33695
33700
33703
33709
33844
33924
34158
34420
34463
34747
35011
35578
35631
35647
35650
35662
36089
36156
36162
36225
36706
37044
37062
37091
37273
37320
37354
37415
37438
37559
37621
37633
37664
37848
38270
38272
38335
38387
38426
38802
39069
39094
39182
39308
39347
39348
39896
39943
39959
40027
40029
40037
40053
40911
41116
41232
41275
41295
41431
41436
41716
41891
42083
42084
42145
42274
42483
42775
42818
42852
43192
43196
43406
43588
43592
43605
43608
43609
43773
43774
43972
44009
44255
44917
45253
45260
45264
45303
45347
45360
45372
45409
45971
45989
45992
46046
46958
46959
46967
47100
47134
47146
47147
47172
47301
47759
47777
47799
47995
50543
50580
50616
56982
57032
57238
57239
57261
57267
57343
57689
57748
57812
57904
58224
58290
58727
58831
59097
59143
59154
59634
59677
59712
59798
59914
59942
60037
60063
60127
60297
60298
61117
62599
63324
63734
63804
63949
64238
64335
64600
64680
64864
65068
65184
65309
66106
66214
66290
66291
67070
67303
67690
67724
67731
67732
68090
69418
69895
70078
70874
71073
71107
71725
71748
71764
71930
71949
71956
74673
74821
74854
74862
74876
74943
75004
75027
75391
75603
75649
75794
77476
77596
77663
77768
78506
78602
78632
79336
79348
79364
79451
79468
79496
79498
79503
80830
82473
83279
83330
83362
83648
83788
84004
84006
84300
84802
84949
85516
85589
85870
85971
86132
86135
86511
86780
87585
88317
88325
88706
89204
89392
89502
89587
89617
89620
90605
90611
90637
90697
90698
90716
90767
90789
90829
92417
93578
93637
93711
93819
93833
94132
94197
94234
97258
97497
97540
97805
97825
97874
98259
98347
98354
98368
98433
98444
99181
99206
99207
99242
99881
99977
100085
100126
100364
100513
100777
101400
101554
101818
101952
102995
103277
103355
103657
103759
103991
104011
104294
104429
104539
104624
104643
104644
104646
104948
105074
105103
105215
105240
105581
105746
105902
106388
106572
106752
106886
107165
107178
107228
107239
107526
108859
108969
108985
108987
109089
109117
109467
110276
110484
110517
110525
110527
110544
110554
110661
110982
110983
111014
111110
111111
111141
111184
111195
111214
111351
111687
111972
112057
112313
112386
112475
112783
112848
112876
112879
112912
112930
113021
113568
113611
113639
113833
113937
114300
114529
114537
114599
114810
115167
115325
115483
115503
116158
116765
116952
117224
117364
117370
117373
117425
117622
117691
117994
118163
118167
118241
118331
118493
118830
118890
119041
119186
119560
119564
119761
119934
120064
120108
120290
120324
120474
120536
120575
120872
120911
120931
120963
121047
121131
121306
121495
121643
121659
121703
121833
122047
122358
123304
123322
123432
123471
123496
123573
123609
123620
123710
123938
124132
124220
124253
124444
124598
124737
124768
124802
124821
125109
125128
125352
125405
125669
125942
126269
126299
126401
126975
127191
127278
127812
128543
128752
128757
129241
129297
129478
129482
129484
129485
129502
129779
130210
130397
130436
130531
130553
130556
130733
131019
131436
131483
131610
131718
131787
131901
132110
132151
132617
132712
132718
132962
133257
133352
133535
133864
133865
134340
134442
134696
134754
134778
135140
135224
135290
135392
135483
135497
135604
135701
135752
135777
135854
136302
136340
136554
136704
136708
136935
137117
137389
137470
137478
137507
137517
137572
137776
137848
137951
138023
138070
138326
138343
138497
138537
138610
138974
139009
139013
139138
139287
139606
140115
140542
140800
140828
140967
141167
141187
141823
141873
141874
141962
141976
142590
142596
143387
143415
143657
143960
144597
145729
145844
146348
146591
146632
146990
147360
147544
147867
147993
148621
149316
149657
149667
150081
150230
150284
150673
151061
151074
151493
152326
152406
152889
153679
154047
154161
154207
154222
154223
154226
154289
154305
154389
154717
154912
154920
154934
154958
155231
155434
155896
155966
155977
156822
156848
157121
158233
158582
158683
158817
159015
159540
159852
160171
160367
160945
161296
161519
161637
161638
161742
161839
161891
161961
161973
162161
162199
162473
162806
163535
163537
163662
165252
165901
165902
165936
166209
167034
167515
167579
168193
168319
168339
168356
168375
168388
168414
168421
168426
168435
168444
168446
168453
168483
168497
168521
168527
168536
168579
168584
168595
168596
168601
168607
168608
168617
168669
168888
168970
169447
169571
169573
169781
169782
169783
169784
169787
169897
171850
172036
172579
173188
173198
173331
173672
173688
173834
174072
174588
174618
174717
175105
175488
175540
175632
175861
176203
176515
176842
177380
177435
177631
177632
178072
178166
178284
178286
178317
178323
178327
178338
178339
178347
178349
178350
178358
178370
178632
178638
178647
178662
178821
178832
179204
179237
179306
179359
179492
179525
179540
179919
180027
180145
180545
181472
181530
181984
182521
182734
183090
183136
183194
183955
184059
184365
184366
184377
184510
184655
185022
185026
185098
185106
185289
185644
185969
186226
186255
186256
186338
186388
188204
188212
188872
191220
191287
191360
191374
191413
191713
192113
192861
193196
193928
195078
195444
195737
195768
195818
196212
197722
197994
199058
199162
200340
200720
200965
201296
201873
202332
202370
202956
202979
203047
203206
203740
204093
204150
204299
205085
205224
205303
205355
205490
205574
205642
205905
206112
206140
206243
206785
206895
206923
206992
206994
207238
207315
207602
208299
209366
209720
209912
210266
210607
210821
210969
211337
214085
214239
214269
214334
214448
214992
215151
215234
215237
218763
219115
219118
219210
222322
222425
222478
223485
225656
225813
226081
226173
226897
226921
228880
229037
229955
230037
232802
232825
233620
233772
233878
234582
239039
239573
239826
239901
240418
240425
240515
240516
240525
240538
240573
240630
240864
240873
240997
241012
241013
241088
241110
241125
241132
241314
241316
241351
241368
241369
241418
241568
241639
241752
241928
242384
242434
242587
242909
244693
244768
244772
244921
244957
245289
245438
245440
245446
246493
246695
246824
246852
247044
248999
249005
249095
249110
249139
249260
249317
249349
249495
249746
249768
250274
250534
252676
254882
255373
255609
256147
256434
256514
256523
256527
256548
256598
256646
256714
258247
258362
258939
258988
258995
258999
259002
259011
259152
259156
259365
259408
259409
259538
259697
259705
259723
259866
260702
260929
261164
265006
265052
265614
267471
267540
267606
267696
268006
268907
269092
269780
269802
269868
269914
270150
284580
284688
284794
285141
285386
288493
308145
308190
308454
308665
308681
308682
308888
309006
309542
311711
311767
312007
312057
312067
312443
312447
312452
312490
312518
312749
313978
314295
314888
315347
315432
